1.6917914197088955
3.4771212547196626
3.3010299956639813
3.7781512503836434
3.7781512503836434
3.7781512503836434
3.7781512503836434
3.7781512503836434
2.933053210369387
3.3010299956639813
3.7781512503836434
3.4771212547196626
3.7781512503836434
3.7781512503836434
3.4771212547196626
3.7781512503836434
3.7781512503836434
3.7781512503836434
3.7781512503836434
3.7781512503836434
3.4771212547196626
3.7781512503836434
3.7781512503836434
3.7781512503836434
3.4771212547196626
3.7781512503836434
3.7781512503836434
3.4771212547196626
2.1983676537668337
3.7781512503836434
3.7781512503836434
3.7781512503836434
3.7781512503836434
2.259637310505756
3.7781512503836434
3.7781512503836434
3.1760912590556813
3.7781512503836434
3.7781512503836434
3.3010299956639813
3.7781512503836434
3.7781512503836434
2.778151250383644
3.7781512503836434
3.3010299956639813
3.7781512503836434
3.7781512503836434
3.4771212547196626
3.7781512503836434
2.664207898076807
3.1760912590556813
3.7781512503836434
3.7781512503836434
3.7781512503836434
3.7781512503836434
3.4771212547196626
3.7781512503836434
2.5477023290053697
2.933053210369387
3.7781512503836434
3.7781512503836434
3.7781512503836434
3.7781512503836434
3.3010299956639813
3.7781512503836434
2.778151250383644
3.1760912590556813
3.7781512503836434
3.4771212547196626
3.7781512503836434
3.7781512503836434
3.3010299956639813
3.1760912590556813
2.8750612633917
3.0791812460476247
3.4771212547196626
1.024568191490737
3.7781512503836434
2.416423414366051
1.0
3.4771212547196626
3.0
2.7367585652254185
3.0
3.4771212547196626
3.7781512503836434
3.7781512503836434
3.3010299956639813
3.4771212547196626
3.7781512503836434
2.3010299956639813
3.7781512503836434
3.1760912590556813
3.4771212547196626
3.7781512503836434
3.4771212547196626
3.7781512503836434
3.7781512503836434
3.4771212547196626
2.0969100130080562
3.7781512503836434
3.7781512503836434
3.7781512503836434
3.7781512503836434
3.7781512503836434
3.7781512503836434
3.7781512503836434
3.3010299956639813
3.1760912590556813
3.7781512503836434
3.7781512503836434
3.1760912590556813
3.7781512503836434
3.4771212547196626
3.7781512503836434
3.7781512503836434
3.7781512503836434
3.4771212547196626
3.7781512503836434
3.4771212547196626
3.7781512503836434
3.3010299956639813
3.4771212547196626
1.9520764476828172
2.079181246047625
3.7781512503836434
3.4771212547196626
3.4771212547196626
3.7781512503836434
3.0791812460476247
3.7781512503836434
3.7781512503836434
3.7781512503836434
3.7781512503836434
3.7781512503836434
3.7781512503836434
2.8239087409443187
3.3010299956639813
3.0791812460476247
3.1760912590556813
3.4771212547196626
3.7781512503836434
3.4771212547196626
3.7781512503836434
3.7781512503836434
3.7781512503836434
3.4771212547196626
3.7781512503836434
3.7781512503836434
3.3010299956639813
3.7781512503836434
3.4771212547196626
3.7781512503836434
2.7367585652254185
3.7781512503836434
2.7367585652254185
3.7781512503836434
1.638272163982407
2.5228787452803374
2.7367585652254185
3.7781512503836434
3.4771212547196626
3.3010299956639813
3.4771212547196626
3.7781512503836434
3.3010299956639813
2.346787486224656
3.4771212547196626
3.1760912590556813
3.4771212547196626
2.5477023290053697
3.7781512503836434
3.7781512503836434
2.933053210369387
3.7781512503836434
2.8239087409443187
2.209949526316649
1.644612342013426
3.7781512503836434
3.7781512503836434
3.7781512503836434
3.0
3.3010299956639813
3.4771212547196626
3.7781512503836434
3.3010299956639813
3.1760912590556813
3.4771212547196626
2.154901959985743
3.7781512503836434
3.7781512503836434
3.7781512503836434
3.7781512503836434
3.7781512503836434
3.7781512503836434
3.7781512503836434
3.4771212547196626
3.7781512503836434
2.1653673936639084
3.4771212547196626
2.08795517035513
3.1760912590556813
3.7781512503836434
3.7781512503836434
3.7781512503836434
3.3010299956639813
3.3010299956639813
2.8750612633917
3.1760912590556813
3.7781512503836434
3.7781512503836434
3.7781512503836434
3.7781512503836434
3.7781512503836434
3.7781512503836434
3.7781512503836434
3.7781512503836434
3.7781512503836434
3.7781512503836434
3.7781512503836434
3.0791812460476247
3.7781512503836434
3.4771212547196626
3.7781512503836434
3.7781512503836434
3.7781512503836434
3.7781512503836434
3.1760912590556813
3.7781512503836434
3.7781512503836434
3.4771212547196626
3.3010299956639813
3.7781512503836434
2.209949526316649
3.7781512503836434
3.7781512503836434
3.7781512503836434
1.4858951790271675
3.4771212547196626
3.3010299956639813
2.3979400086720375
3.7781512503836434
3.7781512503836434
3.7781512503836434
3.7781512503836434
3.7781512503836434
2.933053210369387
3.7781512503836434
3.0
3.7781512503836434
3.4771212547196626
3.7781512503836434
3.7781512503836434
3.7781512503836434
3.7781512503836434
3.7781512503836434
3.7781512503836434
3.4771212547196626
3.7781512503836434
2.778151250383644
3.4771212547196626
3.4771212547196626
3.1760912590556813
3.7781512503836434
3.1760912590556813
3.4771212547196626
3.1760912590556813
2.8239087409443187
2.778151250383644
3.7781512503836434
2.6320232147054057
3.4771212547196626
3.7781512503836434
3.3010299956639813
3.4771212547196626
3.7781512503836434
3.7781512503836434
3.7781512503836434
3.7781512503836434
3.4771212547196626
3.7781512503836434
3.7781512503836434
3.7781512503836434
2.6989700043360187
3.7781512503836434
3.7781512503836434
3.7781512503836434
3.4771212547196626
3.7781512503836434
2.8239087409443187
3.1760912590556813
3.7781512503836434
3.7781512503836434
3.3010299956639813
3.7781512503836434
3.7781512503836434
2.3309932190414244
3.7781512503836434
3.4771212547196626
2.6989700043360187
3.7781512503836434
3.3010299956639813
3.0791812460476247
3.3010299956639813
3.7781512503836434
3.3010299956639813
1.8590731580075697
2.259637310505756
3.4771212547196626
3.7781512503836434
3.7781512503836434
3.4771212547196626
3.7781512503836434
3.1760912590556813
3.4771212547196626
3.7781512503836434
3.4771212547196626
3.7781512503836434
3.7781512503836434
2.933053210369387
3.7781512503836434
2.4771212547196626
2.3157532524846873
2.7367585652254185
2.154901959985743
3.4771212547196626
1.024568191490737
3.7781512503836434
3.7781512503836434
3.7781512503836434
3.1760912590556813
2.778151250383644
3.3010299956639813
2.7367585652254185
3.1760912590556813
3.4771212547196626
3.1760912590556813
3.4771212547196626
3.4771212547196626
2.4993976494308145
3.0
3.4771212547196626
2.8239087409443187
3.4771212547196626
3.7781512503836434
3.7781512503836434
3.7781512503836434
3.7781512503836434
3.4771212547196626
3.0791812460476247
3.7781512503836434
3.7781512503836434
3.7781512503836434
3.7781512503836434
3.7781512503836434
3.7781512503836434
3.4771212547196626
3.4771212547196626
3.4771212547196626
3.3010299956639813
3.7781512503836434
3.7781512503836434
3.7781512503836434
3.7781512503836434
3.7781512503836434
3.4771212547196626
3.3010299956639813
3.7781512503836434
3.7781512503836434
3.7781512503836434
3.7781512503836434
3.7781512503836434
3.7781512503836434
3.4771212547196626
3.4771212547196626
3.7781512503836434
3.7781512503836434
3.7781512503836434
3.7781512503836434
2.664207898076807
3.7781512503836434
3.0
3.7781512503836434
3.0
3.3010299956639813
3.7781512503836434
3.3010299956639813
3.3010299956639813
3.7781512503836434
2.5228787452803374
3.7781512503836434
3.3010299956639813
3.7781512503836434
3.7781512503836434
3.7781512503836434
3.7781512503836434
3.7781512503836434
3.7781512503836434
3.4771212547196626
3.7781512503836434
1.3549053764468357
3.1760912590556813
3.7781512503836434
3.7781512503836434
3.7781512503836434
3.7781512503836434
3.7781512503836434
3.7781512503836434
3.4771212547196626
3.7781512503836434
3.7781512503836434
3.7781512503836434
2.574031267727719
3.7781512503836434
3.7781512503836434
3.7781512503836434
3.4771212547196626
3.7781512503836434
3.7781512503836434
2.933053210369387
3.1760912590556813
3.7781512503836434
3.7781512503836434
3.7781512503836434
3.0791812460476247
2.8239087409443187
3.7781512503836434
3.7781512503836434
3.0791812460476247
3.7781512503836434
3.7781512503836434
3.7781512503836434
3.7781512503836434
3.4771212547196626
3.7781512503836434
3.4771212547196626
3.7781512503836434
3.4771212547196626
3.7781512503836434
3.0791812460476247
2.8239087409443187
1.024568191490737
1.7695510786217261
3.7781512503836434
3.7781512503836434
3.7781512503836434
3.7781512503836434
3.7781512503836434
3.7781512503836434
3.7781512503836434
3.7781512503836434
3.7781512503836434
3.4771212547196626
3.4771212547196626
3.7781512503836434
3.7781512503836434
3.4771212547196626
3.7781512503836434
1.9030899869919435
3.7781512503836434
3.7781512503836434
3.4771212547196626
3.7781512503836434
3.7781512503836434
3.7781512503836434
3.7781512503836434
3.7781512503836434
3.4771212547196626
3.7781512503836434
3.7781512503836434
3.4771212547196626
2.574031267727719
3.3010299956639813
3.1760912590556813
2.380211241711606
2.346787486224656
3.7781512503836434
3.7781512503836434
3.7781512503836434
3.7781512503836434
3.7781512503836434
3.4771212547196626
3.7781512503836434
2.5477023290053697
2.8750612633917
3.7781512503836434
3.7781512503836434
3.3010299956639813
3.7781512503836434
3.7781512503836434
3.1760912590556813
3.7781512503836434
2.8239087409443187
3.7781512503836434
3.1760912590556813
2.6989700043360187
3.7781512503836434
3.7781512503836434
3.7781512503836434
1.7212463990471711
3.7781512503836434
3.7781512503836434
2.4771212547196626
3.7781512503836434
2.933053210369387
3.7781512503836434
1.024568191490737
3.4771212547196626
2.664207898076807
3.4771212547196626
2.8239087409443187
3.7781512503836434
3.0
2.664207898076807
3.3010299956639813
3.4771212547196626
3.7781512503836434
3.7781512503836434
3.7781512503836434
3.7781512503836434
3.3010299956639813
3.7781512503836434
2.2867895565493708
3.7781512503836434
3.7781512503836434
3.4771212547196626
3.7781512503836434
2.6989700043360187
3.7781512503836434
3.7781512503836434
2.4771212547196626
3.7781512503836434
2.933053210369387
3.4771212547196626
3.3010299956639813
2.574031267727719
3.7781512503836434
3.0791812460476247
3.7781512503836434
2.6989700043360187
3.7781512503836434
2.778151250383644
3.7781512503836434
3.7781512503836434
3.4771212547196626
3.7781512503836434
2.8239087409443187
3.7781512503836434
3.7781512503836434
3.0791812460476247
2.664207898076807
3.7781512503836434
3.7781512503836434
3.7781512503836434
3.7781512503836434
3.7781512503836434
3.3010299956639813
3.7781512503836434
3.7781512503836434
3.7781512503836434
3.3010299956639813
3.7781512503836434
3.0791812460476247
3.0
3.0791812460476247
3.7781512503836434
3.4771212547196626
3.7781512503836434
2.6020599913279625
2.7367585652254185
3.7781512503836434
3.7781512503836434
3.4771212547196626
3.7781512503836434
3.7781512503836434
3.7781512503836434
3.7781512503836434
3.7781512503836434
2.8239087409443187
2.8750612633917
3.1760912590556813
3.7781512503836434
3.7781512503836434
3.4771212547196626
3.1760912590556813
3.7781512503836434
3.7781512503836434
3.7781512503836434
3.7781512503836434
3.7781512503836434
3.4771212547196626
3.4771212547196626
3.4771212547196626
3.3010299956639813
3.0
3.7781512503836434
3.4771212547196626
3.4771212547196626
3.7781512503836434
3.7781512503836434
3.4771212547196626
3.4771212547196626
3.7781512503836434
3.7781512503836434
3.7781512503836434
3.7781512503836434
3.0791812460476247
3.4771212547196626
3.7781512503836434
3.7781512503836434
3.0
3.7781512503836434
3.7781512503836434
3.7781512503836434
3.7781512503836434
3.7781512503836434
3.0
3.1760912590556813
3.1760912590556813
3.4771212547196626
3.3010299956639813
3.7781512503836434
2.664207898076807
3.7781512503836434
2.8239087409443187
3.4771212547196626
3.0791812460476247
3.7781512503836434
3.3010299956639813
3.4771212547196626
3.7781512503836434
3.7781512503836434
3.7781512503836434
3.7781512503836434
3.7781512503836434
3.7781512503836434
3.4771212547196626
3.7781512503836434
3.7781512503836434
3.7781512503836434
3.7781512503836434
3.1760912590556813
3.4771212547196626
3.1760912590556813
3.7781512503836434
2.6020599913279625
3.7781512503836434
2.3010299956639813
2.664207898076807
2.933053210369387
3.1760912590556813
3.7781512503836434
3.4771212547196626
3.7781512503836434
3.7781512503836434
1.0014500663952328
2.3631779024128257
3.4771212547196626
3.4771212547196626
3.4771212547196626
3.7781512503836434
3.3010299956639813
2.007299238741499
2.209949526316649
2.8239087409443187
3.4771212547196626
3.3010299956639813
3.4771212547196626
3.7781512503836434
3.7781512503836434
3.4771212547196626
2.4993976494308145
2.221848749616356
3.7781512503836434
3.1760912590556813
3.7781512503836434
2.664207898076807
1.024568191490737
3.4771212547196626
3.7781512503836434
3.7781512503836434
3.4771212547196626
2.8750612633917
3.4771212547196626
3.4771212547196626
3.3010299956639813
3.7781512503836434
3.7781512503836434
3.7781512503836434
3.7781512503836434
3.4771212547196626
2.933053210369387
3.7781512503836434
3.3010299956639813
3.7781512503836434
2.6989700043360187
3.3010299956639813
3.7781512503836434
3.7781512503836434
3.3010299956639813
3.4771212547196626
3.1760912590556813
3.1760912590556813
3.7781512503836434
3.7781512503836434
3.7781512503836434
3.7781512503836434
3.7781512503836434
3.7781512503836434
3.7781512503836434
3.1760912590556813
3.3010299956639813
2.8750612633917
2.8750612633917
3.7781512503836434
1.0978157369690804
3.7781512503836434
1.2018099001778508
3.7781512503836434
3.7781512503836434
3.4771212547196626
3.7781512503836434
3.4771212547196626
3.7781512503836434
3.3010299956639813
3.7781512503836434
3.7781512503836434
3.7781512503836434
3.4771212547196626
3.4771212547196626
3.4771212547196626
3.7781512503836434
3.7781512503836434
3.7781512503836434
3.7781512503836434
2.3010299956639813
3.4771212547196626
3.7781512503836434
3.4771212547196626
3.3010299956639813
3.7781512503836434
3.7781512503836434
2.4559319556497243
2.3631779024128257
3.7781512503836434
3.7781512503836434
3.1760912590556813
3.4771212547196626
3.4771212547196626
3.1760912590556813
3.7781512503836434
3.7781512503836434
2.933053210369387
3.7781512503836434
3.7781512503836434
3.7781512503836434
3.7781512503836434
3.7781512503836434
2.778151250383644
3.1760912590556813
3.3010299956639813
3.3010299956639813
3.4771212547196626
3.7781512503836434
3.7781512503836434
3.7781512503836434
3.0
3.7781512503836434
3.7781512503836434
3.7781512503836434
2.259637310505756
2.6320232147054057
2.8750612633917
3.3010299956639813
3.7781512503836434
3.7781512503836434
3.7781512503836434
3.7781512503836434
1.978810700930062
2.1870866433571443
3.0791812460476247
3.3010299956639813
3.7781512503836434
3.7781512503836434
3.7781512503836434
3.3010299956639813
3.7781512503836434
3.7781512503836434
3.7781512503836434
3.3010299956639813
3.4771212547196626
3.4771212547196626
2.7367585652254185
3.7781512503836434
3.7781512503836434
3.4771212547196626
3.4771212547196626
3.4771212547196626
3.7781512503836434
3.7781512503836434
3.4771212547196626
1.513333427374107
3.7781512503836434
3.7781512503836434
3.7781512503836434
3.7781512503836434
3.0
3.7781512503836434
2.574031267727719
3.7781512503836434
3.4771212547196626
3.3010299956639813
3.7781512503836434
3.7781512503836434
3.4771212547196626
3.7781512503836434
3.7781512503836434
3.1760912590556813
3.7781512503836434
3.7781512503836434
1.0987233537715246
3.1760912590556813
3.0
3.4771212547196626
3.1760912590556813
1.4034029043735399
3.7781512503836434
3.3010299956639813
3.7781512503836434
3.7781512503836434
3.0
3.0791812460476247
2.8239087409443187
3.0
1.8590731580075697
2.5228787452803374
2.8750612633917
3.7781512503836434
2.933053210369387
2.259637310505756
3.7781512503836434
3.7781512503836434
3.4771212547196626
3.7781512503836434
3.7781512503836434
3.7781512503836434
3.7781512503836434
2.7367585652254185
3.0
3.3010299956639813
3.7781512503836434
2.8750612633917
3.7781512503836434
3.4771212547196626
3.7781512503836434
2.8239087409443187
3.4771212547196626
3.1760912590556813
3.7781512503836434
2.574031267727719
3.7781512503836434
3.7781512503836434
3.7781512503836434
3.7781512503836434
3.4771212547196626
3.7781512503836434
3.7781512503836434
3.7781512503836434
3.7781512503836434
3.4771212547196626
3.3010299956639813
2.778151250383644
3.0791812460476247
3.7781512503836434
3.7781512503836434
3.7781512503836434
3.7781512503836434
3.7781512503836434
3.0791812460476247
3.7781512503836434
3.7781512503836434
3.3010299956639813
3.7781512503836434
3.4771212547196626
2.8750612633917
3.7781512503836434
3.7781512503836434
3.3010299956639813
3.7781512503836434
3.7781512503836434
3.7781512503836434
1.024568191490737
3.3010299956639813
3.7781512503836434
2.933053210369387
1.024568191490737
3.0
3.4771212547196626
3.7781512503836434
3.4771212547196626
3.0791812460476247
3.3010299956639813
3.7781512503836434
3.7781512503836434
1.024568191490737
3.7781512503836434
3.7781512503836434
3.7781512503836434
3.7781512503836434
3.7781512503836434
2.8750612633917
3.7781512503836434
3.3010299956639813
3.7781512503836434
1.1815541547571835
3.7781512503836434
3.7781512503836434
3.7781512503836434
2.6320232147054057
2.7367585652254185
3.7781512503836434
3.4771212547196626
3.0791812460476247
3.0791812460476247
3.4771212547196626
3.0791812460476247
3.4771212547196626
3.7781512503836434
2.6020599913279625
3.7781512503836434
3.3010299956639813
3.7781512503836434
2.5477023290053697
3.4771212547196626
3.7781512503836434
3.4771212547196626
3.7781512503836434
3.1760912590556813
3.0791812460476247
3.4771212547196626
3.3010299956639813
3.7781512503836434
3.7781512503836434
3.0791812460476247
3.7781512503836434
3.7781512503836434
3.3010299956639813
3.4771212547196626
3.1760912590556813
3.7781512503836434
2.778151250383644
3.3010299956639813
3.7781512503836434
3.7781512503836434
3.1760912590556813
3.7781512503836434
3.7781512503836434
3.3010299956639813
3.7781512503836434
3.1760912590556813
2.4357285695614372
2.3979400086720375
3.0791812460476247
3.4771212547196626
2.346787486224656
3.4771212547196626
3.7781512503836434
3.7781512503836434
2.4559319556497243
2.8239087409443187
3.7781512503836434
3.1760912590556813
3.7781512503836434
3.7781512503836434
2.4993976494308145
3.7781512503836434
3.7781512503836434
3.7781512503836434
3.4771212547196626
3.7781512503836434
3.7781512503836434
3.7781512503836434
3.1760912590556813
3.4771212547196626
3.4771212547196626
3.4771212547196626
3.7781512503836434
3.7781512503836434
3.4771212547196626
3.1760912590556813
3.4771212547196626
3.3010299956639813
3.7781512503836434
3.3010299956639813
3.1760912590556813
3.7781512503836434
3.7781512503836434
3.4771212547196626
2.6320232147054057
3.0791812460476247
2.7367585652254185
3.3010299956639813
3.3010299956639813
3.4771212547196626
3.4771212547196626
3.7781512503836434
3.7781512503836434
3.7781512503836434
3.7781512503836434
3.4771212547196626
3.7781512503836434
3.7781512503836434
3.7781512503836434
3.4771212547196626
3.0
2.1983676537668337
3.0791812460476247
3.1760912590556813
3.4771212547196626
3.7781512503836434
3.7781512503836434
3.0791812460476247
3.0791812460476247
3.7781512503836434
3.4771212547196626
2.6020599913279625
3.7781512503836434
2.5477023290053697
2.8750612633917
2.3979400086720375
3.7781512503836434
3.1760912590556813
3.7781512503836434
3.7781512503836434
3.4771212547196626
3.7781512503836434
2.933053210369387
3.7781512503836434
3.4771212547196626
3.7781512503836434
3.7781512503836434
3.4771212547196626
3.0
2.4559319556497243
2.8239087409443187
3.7781512503836434
3.7781512503836434
2.933053210369387
3.7781512503836434
3.7781512503836434
3.7781512503836434
3.7781512503836434
2.4357285695614372
3.7781512503836434
2.2730012720637376
3.4771212547196626
3.4771212547196626
1.9928214153728767
3.1760912590556813
3.0
2.4559319556497243
3.3010299956639813
3.7781512503836434
2.0969100130080562
1.848732324669351
3.7781512503836434
3.7781512503836434
2.8750612633917
3.7781512503836434
3.7781512503836434
3.7781512503836434
3.7781512503836434
2.2466723333413885
2.8239087409443187
3.3010299956639813
3.7781512503836434
3.7781512503836434
3.1760912590556813
3.7781512503836434
3.1760912590556813
3.4771212547196626
3.7781512503836434
3.7781512503836434
3.4771212547196626
1.4164234143660508
2.933053210369387
1.369911285071794
1.0489864606908736
3.4771212547196626
2.4993976494308145
3.4771212547196626
3.7781512503836434
2.7367585652254185
2.8750612633917
3.4771212547196626
3.3010299956639813
3.7781512503836434
3.7781512503836434
3.7781512503836434
3.7781512503836434
3.7781512503836434
3.7781512503836434
3.3010299956639813
3.7781512503836434
3.0
3.1760912590556813
3.7781512503836434
3.0791812460476247
3.7781512503836434
3.4771212547196626
2.933053210369387
3.7781512503836434
3.7781512503836434
3.0
3.4771212547196626
3.4771212547196626
3.4771212547196626
3.7781512503836434
2.778151250383644
2.5477023290053697
3.3010299956639813
3.1760912590556813
2.8750612633917
3.7781512503836434
3.4771212547196626
3.4771212547196626
3.7781512503836434
3.7781512503836434
3.0791812460476247
3.7781512503836434
3.7781512503836434
3.7781512503836434
2.209949526316649
2.5228787452803374
3.7781512503836434
3.0791812460476247
2.1760912590556813
2.933053210369387
3.7781512503836434
3.7781512503836434
3.7781512503836434
2.346787486224656
3.7781512503836434
2.6989700043360187
2.0538753807828547
2.5228787452803374
2.778151250383644
3.7781512503836434
3.7781512503836434
3.7781512503836434
3.3010299956639813
3.7781512503836434
2.8239087409443187
3.4771212547196626
3.7781512503836434
3.3010299956639813
3.4771212547196626
3.7781512503836434
2.416423414366051
3.4771212547196626
3.7781512503836434
3.1760912590556813
3.1760912590556813
3.7781512503836434
3.3010299956639813
3.3010299956639813
3.7781512503836434
3.7781512503836434
3.7781512503836434
3.7781512503836434
3.4771212547196626
3.7781512503836434
3.7781512503836434
3.7781512503836434
3.7781512503836434
3.1760912590556813
2.574031267727719
2.6020599913279625
3.7781512503836434
3.3010299956639813
3.4771212547196626
3.4771212547196626
3.7781512503836434
3.4771212547196626
3.4771212547196626
3.4771212547196626
3.1760912590556813
3.7781512503836434
3.7781512503836434
3.4771212547196626
3.7781512503836434
3.7781512503836434
3.0791812460476247
3.7781512503836434
3.7781512503836434
3.7781512503836434
3.7781512503836434
3.4771212547196626
3.1760912590556813
3.7781512503836434
3.7781512503836434
3.7781512503836434
3.7781512503836434
3.7781512503836434
3.7781512503836434
3.3010299956639813
3.3010299956639813
3.7781512503836434
3.7781512503836434
3.7781512503836434
3.7781512503836434
3.7781512503836434
3.4771212547196626
3.7781512503836434
3.7781512503836434
3.3010299956639813
3.7781512503836434
3.7781512503836434
3.0
3.0791812460476247
2.3979400086720375
2.4771212547196626
3.7781512503836434
3.7781512503836434
3.3010299956639813
3.3010299956639813
2.664207898076807
3.4771212547196626
3.7781512503836434
3.7781512503836434
3.1760912590556813
3.4771212547196626
3.7781512503836434
3.7781512503836434
3.3010299956639813
3.3010299956639813
3.7781512503836434
3.4771212547196626
3.7781512503836434
3.7781512503836434
3.4771212547196626
3.7781512503836434
3.7781512503836434
3.7781512503836434
3.4771212547196626
3.4771212547196626
3.7781512503836434
1.880524159093202
3.7781512503836434
3.0791812460476247
2.1983676537668337
2.6320232147054057
3.7781512503836434
3.7781512503836434
2.664207898076807
3.7781512503836434
3.7781512503836434
3.4771212547196626
3.7781512503836434
3.7781512503836434
3.3010299956639813
3.7781512503836434
3.3010299956639813
2.7367585652254185
2.014723256820706
2.8239087409443187
2.4357285695614372
3.7781512503836434
3.7781512503836434
3.7781512503836434
3.7781512503836434
3.7781512503836434
3.7781512503836434
3.0791812460476247
3.3010299956639813
3.7781512503836434
3.7781512503836434
3.7781512503836434
3.4771212547196626
3.7781512503836434
3.7781512503836434
2.778151250383644
3.0791812460476247
3.3010299956639813
3.7781512503836434
3.7781512503836434
3.7781512503836434
3.7781512503836434
3.3010299956639813
3.7781512503836434
3.7781512503836434
2.346787486224656
2.1153934187020695
2.933053210369387
3.4771212547196626
3.3010299956639813
2.8750612633917
3.0
3.0791812460476247
3.7781512503836434
3.7781512503836434
3.4771212547196626
3.7781512503836434
3.1760912590556813
3.7781512503836434
3.0
3.1760912590556813
3.7781512503836434
3.7781512503836434
3.4771212547196626
3.7781512503836434
3.7781512503836434
3.4771212547196626
3.7781512503836434
3.7781512503836434
3.3010299956639813
3.4771212547196626
3.7781512503836434
3.7781512503836434
3.1760912590556813
2.0969100130080562
2.8239087409443187
1.9208187539523753
1.291012874906457
3.7781512503836434
3.7781512503836434
3.4771212547196626
3.7781512503836434
3.3010299956639813
3.7781512503836434
3.7781512503836434
3.7781512503836434
3.3010299956639813
3.7781512503836434
3.7781512503836434
3.4771212547196626
3.7781512503836434
3.7781512503836434
2.664207898076807
2.1249387366083
3.3010299956639813
2.6020599913279625
1.4749551929631548
3.7781512503836434
3.7781512503836434
3.7781512503836434
3.7781512503836434
3.4771212547196626
3.7781512503836434
3.7781512503836434
2.933053210369387
3.7781512503836434
3.4771212547196626
3.7781512503836434
3.1760912590556813
3.1760912590556813
3.4771212547196626
3.4771212547196626
3.4771212547196626
3.4771212547196626
3.7781512503836434
3.3010299956639813
3.7781512503836434
3.7781512503836434
3.7781512503836434
2.070581074285707
3.3010299956639813
3.7781512503836434
3.7781512503836434
3.7781512503836434
3.7781512503836434
3.7781512503836434
3.7781512503836434
3.7781512503836434
3.3010299956639813
3.4771212547196626
3.4771212547196626
3.1760912590556813
3.7781512503836434
3.1760912590556813
3.7781512503836434
3.4771212547196626
3.7781512503836434
3.7781512503836434
3.7781512503836434
3.7781512503836434
3.7781512503836434
3.7781512503836434
3.4771212547196626
3.3010299956639813
3.7781512503836434
3.3010299956639813
3.3010299956639813
3.3010299956639813
3.4771212547196626
2.4771212547196626
3.1760912590556813
1.843652799140076
3.7781512503836434
3.7781512503836434
3.0791812460476247
1.0
2.4559319556497243
3.7781512503836434
2.3157532524846873
3.7781512503836434
3.7781512503836434
3.7781512503836434
3.7781512503836434
3.7781512503836434
3.4771212547196626
3.7781512503836434
2.933053210369387
3.3010299956639813
3.0791812460476247
2.6320232147054057
3.1760912590556813
2.664207898076807
3.4771212547196626
3.7781512503836434
3.7781512503836434
3.4771212547196626
3.7781512503836434
3.7781512503836434
3.7781512503836434
3.4771212547196626
3.7781512503836434
3.4771212547196626
3.4771212547196626
3.7781512503836434
3.7781512503836434
3.3010299956639813
3.7781512503836434
3.3010299956639813
3.4771212547196626
3.7781512503836434
2.8239087409443187
2.6320232147054057
3.1760912590556813
3.4771212547196626
3.4771212547196626
3.4771212547196626
3.4771212547196626
3.7781512503836434
3.7781512503836434
3.7781512503836434
2.416423414366051
3.1760912590556813
3.7781512503836434
2.106053392447926
3.7781512503836434
3.7781512503836434
3.7781512503836434
3.7781512503836434
2.8750612633917
3.3010299956639813
3.7781512503836434
3.4771212547196626
2.933053210369387
3.7781512503836434
2.4771212547196626
2.6320232147054057
3.7781512503836434
3.0791812460476247
3.1760912590556813
3.7781512503836434
3.3010299956639813
2.5477023290053697
2.664207898076807
2.778151250383644
2.933053210369387
3.7781512503836434
3.7781512503836434
3.4771212547196626
3.4771212547196626
3.0791812460476247
3.7781512503836434
3.4771212547196626
3.7781512503836434
3.1760912590556813
3.0
3.7781512503836434
3.7781512503836434
3.7781512503836434
3.7781512503836434
3.7781512503836434
3.7781512503836434
2.933053210369387
3.4771212547196626
3.7781512503836434
3.0791812460476247
3.4771212547196626
3.7781512503836434
3.7781512503836434
3.4771212547196626
1.9857595608853897
3.3010299956639813
3.7781512503836434
3.0791812460476247
3.7781512503836434
3.0791812460476247
3.3010299956639813
3.4771212547196626
3.7781512503836434
3.7781512503836434
3.1760912590556813
3.7781512503836434
3.7781512503836434
3.7781512503836434
3.7781512503836434
3.4771212547196626
3.7781512503836434
3.4771212547196626
3.7781512503836434
3.0
3.7781512503836434
3.7781512503836434
3.7781512503836434
3.7781512503836434
3.7781512503836434
3.7781512503836434
2.6320232147054057
3.7781512503836434
3.7781512503836434
3.7781512503836434
3.7781512503836434
3.7781512503836434
3.7781512503836434
3.7781512503836434
3.7781512503836434
3.7781512503836434
3.7781512503836434
3.7781512503836434
1.7212463990471711
2.8750612633917
3.7781512503836434
3.7781512503836434
3.3010299956639813
3.1760912590556813
3.4771212547196626
3.4771212547196626
3.7781512503836434
3.4771212547196626
3.4771212547196626
3.3010299956639813
3.0791812460476247
3.4771212547196626
1.8973376581028523
3.0
3.7781512503836434
2.933053210369387
3.3010299956639813
2.5228787452803374
3.7781512503836434
2.8239087409443187
3.7781512503836434
3.7781512503836434
3.3010299956639813
3.7781512503836434
3.4771212547196626
3.7781512503836434
3.3010299956639813
2.933053210369387
3.7781512503836434
3.7781512503836434
3.7781512503836434
3.7781512503836434
1.9208187539523753
3.7781512503836434
3.7781512503836434
3.7781512503836434
3.7781512503836434
3.4771212547196626
3.7781512503836434
2.045757490560675
1.9030899869919435
3.0
3.7781512503836434
3.7781512503836434
3.7781512503836434
3.0791812460476247
2.6020599913279625
3.7781512503836434
3.7781512503836434
3.7781512503836434
3.7781512503836434
3.7781512503836434
3.7781512503836434
3.7781512503836434
3.7781512503836434
3.7781512503836434
3.7781512503836434
3.7781512503836434
3.7781512503836434
2.234083206033368
3.7781512503836434
3.4771212547196626
3.7781512503836434
3.7781512503836434
3.3010299956639813
3.7781512503836434
3.7781512503836434
3.7781512503836434
2.134698573897456
3.7781512503836434
2.7367585652254185
3.7781512503836434
3.7781512503836434
3.7781512503836434
2.664207898076807
3.7781512503836434
3.3010299956639813
3.3010299956639813
3.7781512503836434
3.4771212547196626
3.3010299956639813
2.574031267727719
3.4771212547196626
3.7781512503836434
3.7781512503836434
3.7781512503836434
3.7781512503836434
2.6020599913279625
3.7781512503836434
3.7781512503836434
3.1760912590556813
3.7781512503836434
3.7781512503836434
3.7781512503836434
3.0791812460476247
3.4771212547196626
3.3010299956639813
2.664207898076807
3.7781512503836434
3.1760912590556813
3.3010299956639813
3.3010299956639813
1.6989700043360187
3.3010299956639813
2.8239087409443187
2.664207898076807
2.778151250383644
3.0
3.4771212547196626
3.4771212547196626
3.3010299956639813
3.7781512503836434
3.7781512503836434
3.7781512503836434
3.3010299956639813
3.4771212547196626
3.7781512503836434
1.024568191490737
3.7781512503836434
2.4559319556497243
3.3010299956639813
3.7781512503836434
3.3010299956639813
3.7781512503836434
3.7781512503836434
3.7781512503836434
3.0
3.7781512503836434
3.3010299956639813
3.7781512503836434
3.7781512503836434
2.029963223377443
3.7781512503836434
3.3010299956639813
3.3010299956639813
3.7781512503836434
3.3010299956639813
3.4771212547196626
1.848732324669351
3.3010299956639813
3.4771212547196626
2.778151250383644
3.0
3.7781512503836434
3.7781512503836434
3.1760912590556813
3.7781512503836434
3.7781512503836434
3.0
1.7653140256784714
2.933053210369387
3.7781512503836434
3.7781512503836434
3.7781512503836434
1.7099653886374822
2.933053210369387
3.3010299956639813
1.744727494896694
3.7781512503836434
3.1760912590556813
2.8239087409443187
3.4771212547196626
3.7781512503836434
3.7781512503836434
3.7781512503836434
3.7781512503836434
3.4771212547196626
3.3010299956639813
3.7781512503836434
3.7781512503836434
3.7781512503836434
3.4771212547196626
3.7781512503836434
3.7781512503836434
3.7781512503836434
3.7781512503836434
2.3979400086720375
3.7781512503836434
3.3010299956639813
2.2466723333413885
3.7781512503836434
3.3010299956639813
3.4771212547196626
3.4771212547196626
3.4771212547196626
3.7781512503836434
2.5228787452803374
3.7781512503836434
3.3010299956639813
3.7781512503836434
3.4771212547196626
3.7781512503836434
3.7781512503836434
3.7781512503836434
3.7781512503836434
3.7781512503836434
3.7781512503836434
3.7781512503836434
3.3010299956639813
2.8239087409443187
3.7781512503836434
2.8750612633917
3.7781512503836434
3.4771212547196626
3.4771212547196626
3.7781512503836434
2.7367585652254185
3.7781512503836434
3.3010299956639813
3.7781512503836434
3.1760912590556813
3.4771212547196626
3.7781512503836434
3.1760912590556813
3.7781512503836434
3.7781512503836434
3.4771212547196626
3.7781512503836434
2.1983676537668337
2.7367585652254185
3.7781512503836434
3.4771212547196626
2.933053210369387
3.1760912590556813
3.0
3.1760912590556813
3.7781512503836434
3.3010299956639813
2.7367585652254185
3.0791812460476247
2.778151250383644
3.4771212547196626
3.7781512503836434
3.7781512503836434
3.7781512503836434
3.7781512503836434
3.7781512503836434
3.7781512503836434
3.4771212547196626
3.4771212547196626
3.7781512503836434
3.7781512503836434
3.7781512503836434
3.4771212547196626
3.4771212547196626
3.3010299956639813
3.4771212547196626
3.7781512503836434
3.4771212547196626
3.3010299956639813
3.7781512503836434
2.8750612633917
3.0791812460476247
3.0791812460476247
3.7781512503836434
3.7781512503836434
3.4771212547196626
2.6989700043360187
3.0791812460476247
3.7781512503836434
3.7781512503836434
3.4771212547196626
3.7781512503836434
3.1760912590556813
3.4771212547196626
3.7781512503836434
3.0
3.4771212547196626
3.7781512503836434
3.7781512503836434
3.7781512503836434
3.4771212547196626
3.4771212547196626
3.7781512503836434
3.7781512503836434
3.7781512503836434
3.7781512503836434
3.1760912590556813
3.7781512503836434
3.7781512503836434
3.4771212547196626
3.7781512503836434
3.4771212547196626
3.1760912590556813
3.7781512503836434
3.1760912590556813
3.3010299956639813
3.1760912590556813
3.0791812460476247
3.3010299956639813
2.8239087409443187
3.0791812460476247
3.7781512503836434
3.3010299956639813
3.7781512503836434
2.5477023290053697
3.7781512503836434
3.3010299956639813
2.380211241711606
3.7781512503836434
2.8750612633917
2.933053210369387
3.0
3.0791812460476247
3.7781512503836434
3.7781512503836434
3.7781512503836434
2.1983676537668337
3.7781512503836434
2.664207898076807
3.7781512503836434
1.3872161432802645
2.664207898076807
2.933053210369387
3.3010299956639813
2.778151250383644
3.4771212547196626
3.3010299956639813
3.4771212547196626
2.933053210369387
3.1760912590556813
3.7781512503836434
3.7781512503836434
1.0933058887392313
3.7781512503836434
3.7781512503836434
3.4771212547196626
2.574031267727719
3.3010299956639813
2.778151250383644
3.7781512503836434
3.7781512503836434
3.7781512503836434
3.7781512503836434
3.7781512503836434
3.4771212547196626
3.7781512503836434
3.4771212547196626
2.933053210369387
3.4771212547196626
3.3010299956639813
3.4771212547196626
3.7781512503836434
3.4771212547196626
3.1760912590556813
3.7781512503836434
3.7781512503836434
3.4771212547196626
3.7781512503836434
3.7781512503836434
3.7781512503836434
1.7099653886374822
2.3631779024128257
3.7781512503836434
3.7781512503836434
1.576754126063192
2.029963223377443
2.8239087409443187
3.0791812460476247
3.7781512503836434
3.7781512503836434
3.4771212547196626
3.7781512503836434
3.4771212547196626
3.4771212547196626
3.4771212547196626
3.4771212547196626
3.4771212547196626
3.1760912590556813
3.7781512503836434
3.3010299956639813
3.1760912590556813
2.0969100130080562
2.3010299956639813
2.4559319556497243
3.4771212547196626
3.7781512503836434
3.7781512503836434
3.4771212547196626
3.7781512503836434
3.4771212547196626
2.4357285695614372
3.7781512503836434
3.3010299956639813
3.1760912590556813
1.0207552215906195
3.7781512503836434
3.7781512503836434
3.3010299956639813
2.8239087409443187
3.7781512503836434
2.234083206033368
3.7781512503836434
3.7781512503836434
3.7781512503836434
2.1983676537668337
2.4771212547196626
1.024568191490737
3.7781512503836434
2.8750612633917
3.7781512503836434
3.7781512503836434
3.7781512503836434
3.7781512503836434
3.7781512503836434
3.7781512503836434
3.7781512503836434
3.7781512503836434
2.6020599913279625
3.7781512503836434
3.4771212547196626
2.933053210369387
3.7781512503836434
3.7781512503836434
2.346787486224656
2.221848749616356
3.7781512503836434
3.7781512503836434
3.4771212547196626
3.7781512503836434
3.7781512503836434
3.7781512503836434
3.1760912590556813
3.7781512503836434
3.7781512503836434
3.7781512503836434
3.4771212547196626
1.0238029146726246
3.7781512503836434
3.7781512503836434
3.3010299956639813
3.7781512503836434
3.4771212547196626
2.8239087409443187
3.7781512503836434
3.1760912590556813
2.3157532524846873
3.4771212547196626
2.6320232147054057
3.7781512503836434
3.7781512503836434
3.7781512503836434
3.7781512503836434
3.3010299956639813
3.7781512503836434
3.0791812460476247
3.7781512503836434
3.7781512503836434
3.7781512503836434
3.7781512503836434
2.079181246047625
2.6989700043360187
3.7781512503836434
3.7781512503836434
3.7781512503836434
3.7781512503836434
3.7781512503836434
3.7781512503836434
3.7781512503836434
3.7781512503836434
3.7781512503836434
3.7781512503836434
2.6320232147054057
2.5228787452803374
3.4771212547196626
3.7781512503836434
3.7781512503836434
3.0791812460476247
2.933053210369387
3.1760912590556813
3.7781512503836434
2.8239087409443187
3.4771212547196626
3.7781512503836434
3.4771212547196626
3.7781512503836434
3.7781512503836434
3.4771212547196626
3.3010299956639813
3.7781512503836434
2.5477023290053697
3.7781512503836434
3.7781512503836434
3.7781512503836434
1.7869251746911488
2.259637310505756
2.664207898076807
3.7781512503836434
3.7781512503836434
3.0791812460476247
3.7781512503836434
3.7781512503836434
3.7781512503836434
3.7781512503836434
2.664207898076807
3.7781512503836434
3.3010299956639813
3.7781512503836434
3.0
3.1760912590556813
3.3010299956639813
3.4771212547196626
2.1983676537668337
1.3127683989352255
3.7781512503836434
2.3157532524846873
2.8750612633917
3.7781512503836434
3.7781512503836434
3.7781512503836434
1.0222763947111522
2.6020599913279625
3.7781512503836434
3.7781512503836434
2.6020599913279625
2.4357285695614372
3.4771212547196626
3.4771212547196626
3.7781512503836434
3.3010299956639813
3.4771212547196626
2.2466723333413885
3.7781512503836434
3.7781512503836434
3.7781512503836434
3.7781512503836434
3.7781512503836434
3.7781512503836434
2.4771212547196626
3.7781512503836434
3.7781512503836434
3.1760912590556813
3.4771212547196626
3.4771212547196626
3.7781512503836434
1.024568191490737
3.7781512503836434
3.3010299956639813
3.7781512503836434
3.7781512503836434
3.7781512503836434
3.7781512503836434
3.7781512503836434
3.7781512503836434
3.3010299956639813
3.7781512503836434
3.3010299956639813
3.7781512503836434
3.7781512503836434
3.7781512503836434
2.4559319556497243
3.7781512503836434
3.7781512503836434
2.5477023290053697
3.7781512503836434
3.7781512503836434
3.7781512503836434
3.4771212547196626
3.7781512503836434
2.8239087409443187
2.259637310505756
2.8750612633917
3.7781512503836434
3.7781512503836434
2.3631779024128257
3.1760912590556813
3.7781512503836434
3.7781512503836434
2.4993976494308145
3.4771212547196626
3.7781512503836434
3.0
2.6989700043360187
3.7781512503836434
3.0791812460476247
3.7781512503836434
3.4771212547196626
3.7781512503836434
3.4771212547196626
3.7781512503836434
3.7781512503836434
3.7781512503836434
2.1983676537668337
3.7781512503836434
3.7781512503836434
3.7781512503836434
3.1760912590556813
3.7781512503836434
3.7781512503836434
3.4771212547196626
3.3010299956639813
3.7781512503836434
3.7781512503836434
1.024568191490737
3.7781512503836434
3.7781512503836434
3.4771212547196626
3.7781512503836434
3.4771212547196626
3.7781512503836434
3.7781512503836434
2.6020599913279625
3.7781512503836434
3.0791812460476247
3.7781512503836434
2.8750612633917
3.7781512503836434
3.4771212547196626
3.7781512503836434
2.664207898076807
3.7781512503836434
3.4771212547196626
3.3010299956639813
2.8750612633917
3.4771212547196626
3.4771212547196626
3.4771212547196626
3.7781512503836434
3.1760912590556813
2.6320232147054057
3.7781512503836434
3.4771212547196626
3.7781512503836434
3.7781512503836434
3.4771212547196626
3.4771212547196626
3.3010299956639813
3.7781512503836434
1.024568191490737
3.7781512503836434
3.0
3.7781512503836434
3.7781512503836434
3.7781512503836434
3.7781512503836434
3.4771212547196626
2.8750612633917
3.7781512503836434
3.7781512503836434
3.7781512503836434
3.7781512503836434
3.7781512503836434
3.4771212547196626
3.7781512503836434
3.7781512503836434
3.7781512503836434
2.6020599913279625
3.0791812460476247
3.7781512503836434
3.4771212547196626
3.7781512503836434
1.6108339156354674
3.7781512503836434
3.4771212547196626
3.7781512503836434
3.7781512503836434
3.7781512503836434
1.958607314841775
3.7781512503836434
3.7781512503836434
3.3010299956639813
3.0
3.0791812460476247
3.3010299956639813
3.4771212547196626
3.7781512503836434
3.7781512503836434
3.1760912590556813
3.0791812460476247
2.8750612633917
3.7781512503836434
3.7781512503836434
3.3010299956639813
3.7781512503836434
3.3010299956639813
3.7781512503836434
3.7781512503836434
3.7781512503836434
3.7781512503836434
1.843652799140076
3.7781512503836434
3.4771212547196626
3.7781512503836434
3.4771212547196626
3.3010299956639813
3.4771212547196626
3.4771212547196626
3.0791812460476247
3.7781512503836434
3.4771212547196626
3.4771212547196626
3.7781512503836434
3.7781512503836434
3.7781512503836434
3.4771212547196626
3.1760912590556813
3.7781512503836434
3.7781512503836434
3.7781512503836434
3.0791812460476247
3.4771212547196626
3.7781512503836434
2.664207898076807
3.1760912590556813
3.7781512503836434
3.7781512503836434
3.7781512503836434
3.0791812460476247
3.1760912590556813
3.7781512503836434
3.7781512503836434
3.7781512503836434
3.7781512503836434
3.7781512503836434
3.7781512503836434
3.7781512503836434
3.1760912590556813
2.933053210369387
2.574031267727719
3.7781512503836434
3.7781512503836434
3.0
2.134698573897456
3.7781512503836434
2.933053210369387
3.7781512503836434
2.778151250383644
3.7781512503836434
3.4771212547196626
3.4771212547196626
3.7781512503836434
3.7781512503836434
3.7781512503836434
3.7781512503836434
3.7781512503836434
3.7781512503836434
3.7781512503836434
3.7781512503836434
1.024568191490737
1.024568191490737
3.7781512503836434
2.933053210369387
2.1760912590556813
3.7781512503836434
3.7781512503836434
3.4771212547196626
3.7781512503836434
3.7781512503836434
3.1760912590556813
3.7781512503836434
3.4771212547196626
3.1760912590556813
3.7781512503836434
3.7781512503836434
3.0
3.7781512503836434
3.7781512503836434
1.81910985806255
3.7781512503836434
3.7781512503836434
3.7781512503836434
3.0791812460476247
3.3010299956639813
3.7781512503836434
3.7781512503836434
3.3010299956639813
3.7781512503836434
3.7781512503836434
3.7781512503836434
3.7781512503836434
3.7781512503836434
3.7781512503836434
2.7367585652254185
3.7781512503836434
3.7781512503836434
2.8750612633917
3.7781512503836434
3.7781512503836434
3.7781512503836434
3.7781512503836434
3.7781512503836434
3.0791812460476247
3.7781512503836434
2.380211241711606
3.7781512503836434
3.3010299956639813
3.7781512503836434
3.7781512503836434
3.4771212547196626
3.7781512503836434
3.7781512503836434
3.0791812460476247
3.3010299956639813
3.7781512503836434
2.4357285695614372
3.7781512503836434
2.1760912590556813
3.7781512503836434
3.7781512503836434
3.4771212547196626
3.1760912590556813
3.7781512503836434
2.664207898076807
3.1760912590556813
2.778151250383644
2.6320232147054057
3.7781512503836434
3.3010299956639813
3.7781512503836434
3.7781512503836434
3.7781512503836434
2.8239087409443187
3.7781512503836434
3.4771212547196626
2.933053210369387
3.0
2.1870866433571443
3.3010299956639813
3.3010299956639813
3.1760912590556813
3.7781512503836434
3.4771212547196626
3.4771212547196626
2.933053210369387
2.234083206033368
3.1760912590556813
3.4771212547196626
3.4771212547196626
3.7781512503836434
3.7781512503836434
3.4771212547196626
3.7781512503836434
3.7781512503836434
3.4771212547196626
3.7781512503836434
3.7781512503836434
3.7781512503836434
3.4771212547196626
3.7781512503836434
2.6320232147054057
3.3010299956639813
3.7781512503836434
3.7781512503836434
3.7781512503836434
3.7781512503836434
3.7781512503836434
3.7781512503836434
3.7781512503836434
2.8750612633917
3.7781512503836434
3.4771212547196626
3.7781512503836434
3.0
3.0
3.7781512503836434
3.7781512503836434
3.7781512503836434
3.7781512503836434
2.234083206033368
2.1653673936639084
3.7781512503836434
3.7781512503836434
1.0417547481070013
3.0
3.7781512503836434
3.7781512503836434
3.4771212547196626
3.7781512503836434
3.3010299956639813
3.3010299956639813
3.3010299956639813
2.778151250383644
3.7781512503836434
3.7781512503836434
3.0791812460476247
3.7781512503836434
3.7781512503836434
3.7781512503836434
2.6320232147054057
3.7781512503836434
3.7781512503836434
3.7781512503836434
3.7781512503836434
3.7781512503836434
3.4771212547196626
3.7781512503836434
1.08795517035513
3.7781512503836434
1.1069784076685605
3.3010299956639813
3.7781512503836434
3.7781512503836434
3.7781512503836434
3.7781512503836434
3.7781512503836434
3.4771212547196626
3.7781512503836434
3.1760912590556813
3.7781512503836434
3.3010299956639813
2.574031267727719
2.5228787452803374
3.7781512503836434
3.4771212547196626
3.4771212547196626
3.3010299956639813
3.7781512503836434
3.7781512503836434
3.4771212547196626
3.7781512503836434
3.7781512503836434
3.4771212547196626
3.1760912590556813
3.7781512503836434
3.7781512503836434
3.7781512503836434
3.3010299956639813
3.7781512503836434
3.7781512503836434
3.7781512503836434
3.7781512503836434
3.7781512503836434
3.7781512503836434
3.4771212547196626
3.7781512503836434
3.0791812460476247
3.4771212547196626
3.0
3.4771212547196626
3.7781512503836434
3.7781512503836434
2.664207898076807
3.0791812460476247
2.933053210369387
3.4771212547196626
3.4771212547196626
3.7781512503836434
3.7781512503836434
3.7781512503836434
3.7781512503836434
3.7781512503836434
3.7781512503836434
3.4771212547196626
3.4771212547196626
3.3010299956639813
3.7781512503836434
3.7781512503836434
3.1760912590556813
3.7781512503836434
3.7781512503836434
3.7781512503836434
3.7781512503836434
3.7781512503836434
3.7781512503836434
3.1760912590556813
3.7781512503836434
3.7781512503836434
3.7781512503836434
3.7781512503836434
3.7781512503836434
3.7781512503836434
3.7781512503836434
3.7781512503836434
3.3010299956639813
3.7781512503836434
3.0791812460476247
3.0791812460476247
3.7781512503836434
3.7781512503836434
2.2730012720637376
2.221848749616356
3.7781512503836434
1.958607314841775
3.7781512503836434
3.3010299956639813
3.7781512503836434
3.7781512503836434
3.1760912590556813
1.008035955596542
3.7781512503836434
3.7781512503836434
3.7781512503836434
2.7367585652254185
3.7781512503836434
3.4771212547196626
3.7781512503836434
3.7781512503836434
3.7781512503836434
3.7781512503836434
3.7781512503836434
3.7781512503836434
3.7781512503836434
2.8750612633917
3.7781512503836434
2.380211241711606
2.778151250383644
3.7781512503836434
3.7781512503836434
3.7781512503836434
3.0
3.4771212547196626
3.7781512503836434
3.0791812460476247
3.7781512503836434
1.018483405694013
3.7781512503836434
3.7781512503836434
2.8239087409443187
3.1760912590556813
3.7781512503836434
3.1760912590556813
3.7781512503836434
3.7781512503836434
3.7781512503836434
3.0
3.7781512503836434
3.7781512503836434
3.1760912590556813
3.7781512503836434
1.8916605252111618
3.7781512503836434
3.7781512503836434
3.7781512503836434
3.1760912590556813
3.7781512503836434
3.7781512503836434
3.7781512503836434
3.7781512503836434
3.7781512503836434
3.7781512503836434
3.7781512503836434
2.5477023290053697
2.933053210369387
3.7781512503836434
3.0
3.7781512503836434
3.7781512503836434
3.7781512503836434
3.7781512503836434
3.7781512503836434
3.3010299956639813
3.7781512503836434
3.7781512503836434
3.7781512503836434
3.7781512503836434
3.7781512503836434
3.7781512503836434
3.7781512503836434
3.7781512503836434
3.7781512503836434
3.7781512503836434
3.7781512503836434
3.3010299956639813
3.7781512503836434
3.0
3.3010299956639813
3.7781512503836434
3.3010299956639813
3.7781512503836434
3.7781512503836434
2.6989700043360187
3.7781512503836434
3.3010299956639813
3.1760912590556813
3.0791812460476247
3.4771212547196626
3.7781512503836434
3.7781512503836434
3.7781512503836434
3.7781512503836434
3.7781512503836434
3.7781512503836434
3.7781512503836434
3.0
3.7781512503836434
3.7781512503836434
1.8590731580075697
3.7781512503836434
3.4771212547196626
3.4771212547196626
3.7781512503836434
3.0
3.1760912590556813
3.4771212547196626
3.4771212547196626
3.4771212547196626
3.7781512503836434
1.8973376581028523
3.3010299956639813
3.0791812460476247
2.4993976494308145
2.3631779024128257
3.7781512503836434
3.7781512503836434
1.1782681783099558
3.7781512503836434
3.7781512503836434
3.7781512503836434
3.7781512503836434
3.0791812460476247
3.4771212547196626
3.7781512503836434
2.144682794804057
3.7781512503836434
3.7781512503836434
3.7781512503836434
3.3010299956639813
3.7781512503836434
3.7781512503836434
3.7781512503836434
3.4771212547196626
3.7781512503836434
3.7781512503836434
3.7781512503836434
2.7367585652254185
3.4771212547196626
3.3010299956639813
3.4771212547196626
3.3010299956639813
3.7781512503836434
3.7781512503836434
3.7781512503836434
1.8750612633917
2.933053210369387
2.6020599913279625
3.1760912590556813
3.7781512503836434
1.9719712763997563
3.7781512503836434
3.4771212547196626
3.3010299956639813
3.1760912590556813
3.7781512503836434
2.8750612633917
3.7781512503836434
3.3010299956639813
3.7781512503836434
3.4771212547196626
3.7781512503836434
3.7781512503836434
3.7781512503836434
3.7781512503836434
3.4771212547196626
3.7781512503836434
3.4771212547196626
3.0
2.7367585652254185
3.7781512503836434
3.1760912590556813
3.3010299956639813
2.5477023290053697
3.4771212547196626
3.4771212547196626
3.3010299956639813
3.7781512503836434
3.0791812460476247
2.933053210369387
3.7781512503836434
3.1760912590556813
3.7781512503836434
3.4771212547196626
1.9520764476828172
2.933053210369387
3.1760912590556813
3.0
3.4771212547196626
3.4771212547196626
2.0
3.7781512503836434
3.1760912590556813
3.7781512503836434
3.7781512503836434
3.7781512503836434
3.7781512503836434
3.7781512503836434
3.7781512503836434
3.7781512503836434
1.7212463990471711
2.4993976494308145
3.7781512503836434
3.7781512503836434
2.154901959985743
3.4771212547196626
3.4771212547196626
3.7781512503836434
2.0377885608893997
3.7781512503836434
3.0
2.8239087409443187
2.574031267727719
3.7781512503836434
3.0
3.1760912590556813
3.7781512503836434
3.7781512503836434
3.0791812460476247
2.8239087409443187
3.7781512503836434
3.7781512503836434
2.6320232147054057
2.664207898076807
3.1760912590556813
3.7781512503836434
3.4771212547196626
3.7781512503836434
3.7781512503836434
2.8750612633917
3.7781512503836434
3.7781512503836434
3.7781512503836434
2.154901959985743
3.1760912590556813
3.7781512503836434
2.1983676537668337
3.4771212547196626
3.7781512503836434
1.0
3.7781512503836434
3.0
1.0095131491360292
3.0
3.4771212547196626
3.1760912590556813
1.4621809049267258
3.4771212547196626
3.7781512503836434
3.7781512503836434
3.7781512503836434
1.024568191490737
2.4559319556497243
3.4771212547196626
3.3010299956639813
3.7781512503836434
3.7781512503836434
3.7781512503836434
3.7781512503836434
3.3010299956639813
3.4771212547196626
3.3010299956639813
3.3010299956639813
3.7781512503836434
3.3010299956639813
3.0791812460476247
2.416423414366051
3.0
2.7367585652254185
3.3010299956639813
3.4771212547196626
3.7781512503836434
3.3010299956639813
3.4771212547196626
3.7781512503836434
3.4771212547196626
3.7781512503836434
3.7781512503836434
3.3010299956639813
3.7781512503836434
2.8750612633917
2.8239087409443187
3.1760912590556813
3.4771212547196626
3.4771212547196626
3.7781512503836434
3.7781512503836434
3.7781512503836434
3.1760912590556813
3.7781512503836434
3.7781512503836434
3.4771212547196626
2.2466723333413885
3.4771212547196626
2.8750612633917
2.8750612633917
3.4771212547196626
2.7367585652254185
3.3010299956639813
3.7781512503836434
3.7781512503836434
3.1760912590556813
3.3010299956639813
3.7781512503836434
3.3010299956639813
3.4771212547196626
3.4771212547196626
3.4771212547196626
3.7781512503836434
3.7781512503836434
3.1760912590556813
3.3010299956639813
2.8750612633917
3.3010299956639813
3.3010299956639813
2.8239087409443187
2.346787486224656
3.4771212547196626
3.7781512503836434
2.933053210369387
3.7781512503836434
3.7781512503836434
2.5228787452803374
3.7781512503836434
3.7781512503836434
2.7367585652254185
2.1249387366083
3.7781512503836434
2.778151250383644
3.7781512503836434
3.4771212547196626
3.7781512503836434
1.024568191490737
3.7781512503836434
3.4771212547196626
3.1760912590556813
3.7781512503836434
3.7781512503836434
3.3010299956639813
3.1760912590556813
3.7781512503836434
3.7781512503836434
3.1760912590556813
3.7781512503836434
3.7781512503836434
3.4771212547196626
3.3010299956639813
3.4771212547196626
2.346787486224656
3.7781512503836434
3.7781512503836434
3.4771212547196626
3.3010299956639813
3.7781512503836434
3.7781512503836434
2.8239087409443187
3.4771212547196626
3.7781512503836434
3.0791812460476247
1.7869251746911488
2.664207898076807
2.5228787452803374
3.4771212547196626
3.3010299956639813
3.7781512503836434
1.3872161432802645
3.3010299956639813
3.7781512503836434
3.7781512503836434
3.4771212547196626
2.8750612633917
3.1760912590556813
3.7781512503836434
3.4771212547196626
3.7781512503836434
3.7781512503836434
1.880524159093202
3.3010299956639813
3.3010299956639813
3.3010299956639813
3.4771212547196626
3.7781512503836434
3.7781512503836434
3.4771212547196626
3.4771212547196626
3.0791812460476247
3.1760912590556813
3.7781512503836434
3.4771212547196626
3.7781512503836434
3.0791812460476247
3.4771212547196626
3.4771212547196626
3.7781512503836434
3.7781512503836434
3.7781512503836434
3.7781512503836434
3.7781512503836434
3.7781512503836434
3.7781512503836434
3.1760912590556813
3.7781512503836434
3.7781512503836434
2.6320232147054057
3.4771212547196626
2.933053210369387
3.1760912590556813
3.7781512503836434
3.7781512503836434
3.7781512503836434
3.7781512503836434
3.7781512503836434
1.4814860601221125
2.933053210369387
1.5451551399914898
1.9652378937407882
2.6020599913279625
2.3631779024128257
2.5477023290053697
3.7781512503836434
2.8750612633917
2.778151250383644
3.0
3.7781512503836434
2.6020599913279625
3.1760912590556813
3.7781512503836434
3.7781512503836434
1.7528453851188734
3.7781512503836434
1.6989700043360187
3.4771212547196626
3.4771212547196626
3.7781512503836434
3.4771212547196626
3.7781512503836434
2.8750612633917
2.7367585652254185
2.2466723333413885
3.3010299956639813
3.7781512503836434
3.3010299956639813
3.4771212547196626
3.7781512503836434
3.7781512503836434
3.7781512503836434
3.7781512503836434
3.7781512503836434
2.574031267727719
2.664207898076807
3.3010299956639813
3.1760912590556813
3.7781512503836434
3.7781512503836434
3.0
3.0791812460476247
3.7781512503836434
3.7781512503836434
3.4771212547196626
3.7781512503836434
3.7781512503836434
2.664207898076807
3.7781512503836434
3.4771212547196626
3.7781512503836434
3.7781512503836434
3.7781512503836434
3.3010299956639813
3.4771212547196626
3.7781512503836434
3.7781512503836434
3.7781512503836434
3.7781512503836434
3.7781512503836434
3.0791812460476247
3.7781512503836434
3.7781512503836434
3.1760912590556813
3.7781512503836434
3.3010299956639813
3.7781512503836434
3.7781512503836434
3.4771212547196626
3.7781512503836434
3.7781512503836434
3.7781512503836434
3.7781512503836434
3.7781512503836434
2.664207898076807
3.7781512503836434
3.4771212547196626
3.7781512503836434
3.4771212547196626
3.7781512503836434
3.7781512503836434
3.7781512503836434
3.1760912590556813
3.4771212547196626
2.7367585652254185
2.933053210369387
3.4771212547196626
3.4771212547196626
2.778151250383644
3.3010299956639813
3.7781512503836434
3.4771212547196626
1.6812412373755872
3.4771212547196626
3.7781512503836434
3.7781512503836434
3.4771212547196626
2.7367585652254185
2.8239087409443187
3.7781512503836434
3.7781512503836434
3.7781512503836434
3.7781512503836434
3.3010299956639813
3.3010299956639813
3.3010299956639813
3.4771212547196626
3.7781512503836434
3.7781512503836434
3.7781512503836434
2.0
3.1760912590556813
3.7781512503836434
3.7781512503836434
3.7781512503836434
3.3010299956639813
3.7781512503836434
2.8750612633917
3.7781512503836434
3.7781512503836434
3.7781512503836434
3.7781512503836434
3.7781512503836434
3.4771212547196626
3.7781512503836434
2.4993976494308145
1.717453410030032
3.7781512503836434
3.3010299956639813
3.7781512503836434
3.7781512503836434
2.933053210369387
3.7781512503836434
3.7781512503836434
2.2867895565493708
3.7781512503836434
3.7781512503836434
3.7781512503836434
3.4771212547196626
3.7781512503836434
3.7781512503836434
3.1760912590556813
3.3010299956639813
3.4771212547196626
3.1760912590556813
3.7781512503836434
3.7781512503836434
3.7781512503836434
3.4771212547196626
3.7781512503836434
3.7781512503836434
3.7781512503836434
3.7781512503836434
3.4771212547196626
3.7781512503836434
3.4771212547196626
3.7781512503836434
3.7781512503836434
3.7781512503836434
2.134698573897456
3.0
3.7781512503836434
2.3010299956639813
3.7781512503836434
2.778151250383644
3.7781512503836434
3.7781512503836434
3.4771212547196626
3.7781512503836434
3.4771212547196626
2.3010299956639813
3.4771212547196626
3.7781512503836434
2.0377885608893997
3.4771212547196626
2.933053210369387
2.664207898076807
3.4771212547196626
3.7781512503836434
3.4771212547196626
2.933053210369387
3.7781512503836434
3.1760912590556813
3.7781512503836434
3.7781512503836434
3.3010299956639813
3.7781512503836434
1.869666231504994
3.7781512503836434
3.7781512503836434
3.7781512503836434
3.7781512503836434
3.7781512503836434
1.3889851660191113
3.1760912590556813
3.7781512503836434
2.7367585652254185
2.8239087409443187
3.1760912590556813
3.7781512503836434
3.7781512503836434
3.7781512503836434
3.7781512503836434
3.7781512503836434
3.7781512503836434
3.4771212547196626
3.7781512503836434
3.7781512503836434
3.7781512503836434
2.933053210369387
3.7781512503836434
3.4771212547196626
3.4771212547196626
3.0
3.1760912590556813
3.7781512503836434
2.778151250383644
3.3010299956639813
1.9089195306526676
2.4771212547196626
1.9520764476828172
3.7781512503836434
2.574031267727719
3.1760912590556813
3.7781512503836434
3.7781512503836434
3.7781512503836434
3.3010299956639813
3.7781512503836434
3.7781512503836434
3.0791812460476247
3.7781512503836434
3.7781512503836434
2.933053210369387
2.664207898076807
1.8004276450947958
3.4771212547196626
3.4771212547196626
1.644612342013426
3.7781512503836434
3.3010299956639813
1.024568191490737
3.7781512503836434
2.8750612633917
3.7781512503836434
3.7781512503836434
3.4771212547196626
3.4771212547196626
3.4771212547196626
3.4771212547196626
3.4771212547196626
3.7781512503836434
3.7781512503836434
1.3142582613977363
3.7781512503836434
3.7781512503836434
2.6320232147054057
1.0192393579856702
2.6020599913279625
3.7781512503836434
3.3010299956639813
2.4993976494308145
3.7781512503836434
3.7781512503836434
3.4771212547196626
3.7781512503836434
3.4771212547196626
3.4771212547196626
3.7781512503836434
3.7781512503836434
3.7781512503836434
3.7781512503836434
1.8590731580075697
3.7781512503836434
3.7781512503836434
3.7781512503836434
3.4771212547196626
2.933053210369387
3.4771212547196626
2.8239087409443187
3.7781512503836434
3.4771212547196626
3.4771212547196626
3.7781512503836434
3.7781512503836434
3.7781512503836434
3.7781512503836434
3.7781512503836434
3.3010299956639813
3.0
3.7781512503836434
1.0199966284162536
1.869666231504994
3.7781512503836434
3.7781512503836434
3.7781512503836434
1.728933227713462
3.7781512503836434
3.3010299956639813
3.7781512503836434
3.3010299956639813
3.7781512503836434
3.7781512503836434
3.4771212547196626
3.4771212547196626
3.1760912590556813
3.4771212547196626
2.6020599913279625
3.7781512503836434
3.1760912590556813
3.4771212547196626
3.7781512503836434
3.7781512503836434
3.7781512503836434
2.6320232147054057
3.7781512503836434
2.3157532524846873
3.7781512503836434
3.7781512503836434
3.4771212547196626
3.7781512503836434
3.0791812460476247
3.7781512503836434
3.7781512503836434
3.4771212547196626
3.3010299956639813
3.7781512503836434
3.0791812460476247
3.0791812460476247
2.8750612633917
2.416423414366051
3.7781512503836434
3.7781512503836434
3.0
3.4771212547196626
3.4771212547196626
3.7781512503836434
3.7781512503836434
3.1760912590556813
3.7781512503836434
3.1760912590556813
3.4771212547196626
3.4771212547196626
3.4771212547196626
3.7781512503836434
3.7781512503836434
3.7781512503836434
3.7781512503836434
3.7781512503836434
3.7781512503836434
1.2182446253475312
3.7781512503836434
3.0
2.778151250383644
3.7781512503836434
3.4771212547196626
3.7781512503836434
3.7781512503836434
3.0791812460476247
3.0791812460476247
3.7781512503836434
3.1760912590556813
3.3010299956639813
3.7781512503836434
2.0377885608893997
2.221848749616356
3.4771212547196626
3.7781512503836434
3.3010299956639813
3.7781512503836434
3.7781512503836434
3.0791812460476247
2.2730012720637376
3.0
3.3010299956639813
3.7781512503836434
3.7781512503836434
3.3010299956639813
3.0791812460476247
3.7781512503836434
3.7781512503836434
3.7781512503836434
1.8590731580075697
2.933053210369387
3.7781512503836434
3.7781512503836434
3.1760912590556813
3.7781512503836434
3.3010299956639813
3.4771212547196626
3.7781512503836434
3.4771212547196626
3.7781512503836434
3.4771212547196626
3.7781512503836434
3.7781512503836434
3.4771212547196626
1.5906305295471805
3.7781512503836434
3.7781512503836434
3.0
2.0222763947111524
3.7781512503836434
3.7781512503836434
3.7781512503836434
3.7781512503836434
3.4771212547196626
1.0506099933550872
3.1760912590556813
2.933053210369387
3.4771212547196626
3.7781512503836434
3.3010299956639813
3.7781512503836434
3.7781512503836434
3.7781512503836434
3.4771212547196626
3.7781512503836434
3.7781512503836434
3.3010299956639813
3.7781512503836434
3.3010299956639813
3.4771212547196626
2.1653673936639084
3.4771212547196626
3.7781512503836434
3.4771212547196626
3.4771212547196626
3.7781512503836434
3.4771212547196626
3.4771212547196626
3.7781512503836434
3.4771212547196626
3.3010299956639813
3.1760912590556813
3.7781512503836434
2.045757490560675
2.1153934187020695
2.8239087409443187
3.7781512503836434
3.0
3.4771212547196626
3.7781512503836434
3.7781512503836434
3.7781512503836434
3.3010299956639813
3.7781512503836434
3.7781512503836434
3.7781512503836434
3.7781512503836434
3.7781512503836434
3.0
2.8239087409443187
3.3010299956639813
3.3010299956639813
3.4771212547196626
3.3010299956639813
3.4771212547196626
3.4771212547196626
3.7781512503836434
3.7781512503836434
3.0791812460476247
3.7781512503836434
2.3631779024128257
3.4771212547196626
3.4771212547196626
3.1760912590556813
2.933053210369387
2.416423414366051
3.3010299956639813
2.933053210369387
3.4771212547196626
3.7781512503836434
3.0791812460476247
2.7367585652254185
1.024568191490737
2.778151250383644
3.7781512503836434
3.3010299956639813
2.7367585652254185
3.0791812460476247
3.7781512503836434
3.3010299956639813
3.7781512503836434
3.3010299956639813
3.7781512503836434
3.7781512503836434
3.7781512503836434
3.7781512503836434
2.4993976494308145
3.0791812460476247
3.4771212547196626
3.7781512503836434
3.7781512503836434
3.0791812460476247
3.3010299956639813
3.4771212547196626
3.7781512503836434
2.5477023290053697
3.3010299956639813
3.7781512503836434
3.3010299956639813
3.7781512503836434
3.7781512503836434
3.7781512503836434
3.7781512503836434
3.7781512503836434
3.7781512503836434
3.4771212547196626
3.4771212547196626
3.4771212547196626
3.7781512503836434
3.7781512503836434
3.3010299956639813
2.259637310505756
3.7781512503836434
3.7781512503836434
3.7781512503836434
2.346787486224656
3.7781512503836434
3.7781512503836434
3.0791812460476247
3.4771212547196626
2.209949526316649
3.0791812460476247
2.7367585652254185
2.6989700043360187
3.0791812460476247
3.7781512503836434
3.7781512503836434
1.0215151421377955
3.7781512503836434
2.6020599913279625
2.778151250383644
3.7781512503836434
3.3010299956639813
3.7781512503836434
2.4357285695614372
3.7781512503836434
3.0791812460476247
3.7781512503836434
3.7781512503836434
3.4771212547196626
3.7781512503836434
3.7781512503836434
3.7781512503836434
3.4771212547196626
3.3010299956639813
3.7781512503836434
3.7781512503836434
3.7781512503836434
1.0207552215906195
3.7781512503836434
2.8750612633917
3.7781512503836434
2.5477023290053697
3.1760912590556813
2.8750612633917
3.0
3.1760912590556813
2.933053210369387
3.1760912590556813
1.024568191490737
3.7781512503836434
3.7781512503836434
3.0
3.7781512503836434
3.7781512503836434
3.7781512503836434
3.4771212547196626
3.3010299956639813
3.3010299956639813
3.4771212547196626
3.7781512503836434
3.7781512503836434
3.7781512503836434
2.3631779024128257
2.5228787452803374
3.4771212547196626
2.664207898076807
3.4771212547196626
3.7781512503836434
3.4771212547196626
3.7781512503836434
3.0
2.933053210369387
3.4771212547196626
3.4771212547196626
3.7781512503836434
2.8750612633917
3.0791812460476247
3.7781512503836434
3.1760912590556813
3.4771212547196626
3.7781512503836434
2.2730012720637376
2.6320232147054057
2.380211241711606
2.4559319556497243
2.2730012720637376
2.664207898076807
3.7781512503836434
2.3309932190414244
3.7781512503836434
3.7781512503836434
3.1760912590556813
3.4771212547196626
2.8750612633917
3.7781512503836434
3.7781512503836434
3.7781512503836434
2.1760912590556813
3.7781512503836434
1.4436974992327127
3.7781512503836434
3.7781512503836434
3.7781512503836434
3.4771212547196626
3.7781512503836434
3.7781512503836434
3.7781512503836434
3.7781512503836434
3.4771212547196626
3.4771212547196626
3.1760912590556813
3.7781512503836434
3.0
3.3010299956639813
3.3010299956639813
3.1760912590556813
3.7781512503836434
3.7781512503836434
3.7781512503836434
3.7781512503836434
3.4771212547196626
2.933053210369387
3.7781512503836434
3.4771212547196626
3.7781512503836434
3.7781512503836434
3.4771212547196626
3.7781512503836434
3.7781512503836434
2.346787486224656
3.7781512503836434
2.6320232147054057
1.843652799140076
3.7781512503836434
3.7781512503836434
3.0791812460476247
3.3010299956639813
1.4377071355435254
2.380211241711606
3.7781512503836434
3.7781512503836434
3.7781512503836434
3.7781512503836434
3.7781512503836434
3.7781512503836434
2.7367585652254185
3.7781512503836434
3.4771212547196626
3.0791812460476247
3.7781512503836434
2.2867895565493708
3.7781512503836434
3.3010299956639813
3.7781512503836434
3.4771212547196626
3.4771212547196626
3.3010299956639813
3.4771212547196626
3.7781512503836434
3.7781512503836434
2.8750612633917
3.4771212547196626
2.933053210369387
3.4771212547196626
3.7781512503836434
3.7781512503836434
3.7781512503836434
3.7781512503836434
3.4771212547196626
3.7781512503836434
3.4771212547196626
2.6989700043360187
3.7781512503836434
3.7781512503836434
3.7781512503836434
3.7781512503836434
3.7781512503836434
3.7781512503836434
2.778151250383644
3.0791812460476247
3.0791812460476247
3.7781512503836434
3.7781512503836434
2.3631779024128257
3.3010299956639813
3.7781512503836434
3.7781512503836434
3.7781512503836434
3.7781512503836434
3.7781512503836434
3.7781512503836434
3.7781512503836434
3.0791812460476247
3.7781512503836434
3.7781512503836434
3.3010299956639813
3.7781512503836434
3.7781512503836434
2.6320232147054057
3.0
2.778151250383644
3.1760912590556813
3.7781512503836434
3.7781512503836434
3.7781512503836434
3.4771212547196626
2.346787486224656
3.4771212547196626
3.4771212547196626
3.7781512503836434
1.3127683989352255
3.3010299956639813
3.4771212547196626
3.0791812460476247
3.4771212547196626
3.4771212547196626
3.7781512503836434
3.7781512503836434
3.7781512503836434
3.7781512503836434
3.7781512503836434
3.3010299956639813
3.7781512503836434
1.024568191490737
3.4771212547196626
2.3631779024128257
3.7781512503836434
1.5554347792360603
1.5157001606532141
3.7781512503836434
3.4771212547196626
3.7781512503836434
3.0
2.4559319556497243
3.1760912590556813
3.3010299956639813
2.6020599913279625
3.1760912590556813
3.7781512503836434
3.1760912590556813
2.5228787452803374
3.7781512503836434
3.3010299956639813
3.7781512503836434
3.0
3.7781512503836434
2.933053210369387
3.7781512503836434
2.380211241711606
3.7781512503836434
3.7781512503836434
3.7781512503836434
3.4771212547196626
1.8336685782334752
3.7781512503836434
3.7781512503836434
2.8239087409443187
3.4771212547196626
3.7781512503836434
3.1760912590556813
3.7781512503836434
3.7781512503836434
3.4771212547196626
3.7781512503836434
3.7781512503836434
3.7781512503836434
3.7781512503836434
3.3010299956639813
2.933053210369387
3.7781512503836434
3.4771212547196626
3.3010299956639813
3.4771212547196626
3.7781512503836434
3.7781512503836434
3.7781512503836434
3.7781512503836434
3.7781512503836434
2.7367585652254185
2.8239087409443187
3.0
3.3010299956639813
2.6989700043360187
3.4771212547196626
3.7781512503836434
3.7781512503836434
3.7781512503836434
3.7781512503836434
3.7781512503836434
3.7781512503836434
3.7781512503836434
3.7781512503836434
3.3010299956639813
3.4771212547196626
3.7781512503836434
3.7781512503836434
3.7781512503836434
3.3010299956639813
3.3010299956639813
3.7781512503836434
3.4771212547196626
3.1760912590556813
3.7781512503836434
3.7781512503836434
3.4771212547196626
3.7781512503836434
3.4771212547196626
2.6989700043360187
3.3010299956639813
3.4771212547196626
3.3010299956639813
3.7781512503836434
1.095104212144794
1.005096557019381
3.7781512503836434
3.7781512503836434
3.7781512503836434
2.1870866433571443
3.7781512503836434
3.7781512503836434
3.7781512503836434
3.7781512503836434
3.0791812460476247
1.024568191490737
2.259637310505756
3.7781512503836434
3.7781512503836434
3.7781512503836434
3.7781512503836434
3.7781512503836434
3.7781512503836434
3.7781512503836434
3.7781512503836434
3.7781512503836434
3.7781512503836434
3.1760912590556813
3.7781512503836434
3.4771212547196626
3.7781512503836434
2.259637310505756
2.1249387366083
2.3309932190414244
2.664207898076807
3.7781512503836434
3.3010299956639813
3.7781512503836434
3.7781512503836434
2.933053210369387
3.7781512503836434
3.7781512503836434
2.4771212547196626
3.4771212547196626
3.7781512503836434
3.7781512503836434
3.7781512503836434
2.3010299956639813
3.7781512503836434
1.206442418574956
3.7781512503836434
3.4771212547196626
3.7781512503836434
3.4771212547196626
3.4771212547196626
3.7781512503836434
3.7781512503836434
3.7781512503836434
3.0
3.7781512503836434
3.7781512503836434
3.7781512503836434
3.4771212547196626
3.7781512503836434
3.7781512503836434
3.7781512503836434
2.6320232147054057
3.4771212547196626
2.4357285695614372
2.3631779024128257
3.7781512503836434
3.1760912590556813
3.4771212547196626
3.7781512503836434
3.3010299956639813
3.7781512503836434
3.4771212547196626
3.3010299956639813
1.0
3.4771212547196626
3.7781512503836434
3.3010299956639813
3.4771212547196626
3.7781512503836434
2.2867895565493708
3.4771212547196626
3.7781512503836434
3.1760912590556813
2.8750612633917
3.7781512503836434
3.7781512503836434
1.7367585652254185
3.7781512503836434
3.7781512503836434
3.7781512503836434
3.4771212547196626
3.7781512503836434
2.4771212547196626
3.7781512503836434
3.7781512503836434
3.0791812460476247
3.7781512503836434
2.778151250383644
3.7781512503836434
3.0
3.7781512503836434
3.7781512503836434
3.7781512503836434
3.0791812460476247
3.7781512503836434
3.7781512503836434
3.7781512503836434
3.7781512503836434
3.1760912590556813
3.7781512503836434
2.5477023290053697
2.664207898076807
2.8750612633917
3.0791812460476247
3.4771212547196626
2.4993976494308145
3.1760912590556813
3.7781512503836434
3.4771212547196626
3.7781512503836434
3.7781512503836434
3.3010299956639813
3.7781512503836434
3.7781512503836434
3.7781512503836434
3.4771212547196626
3.7781512503836434
3.7781512503836434
3.7781512503836434
3.0791812460476247
3.3010299956639813
2.8750612633917
2.933053210369387
3.4771212547196626
3.4771212547196626
3.7781512503836434
3.3010299956639813
3.3010299956639813
3.3010299956639813
3.7781512503836434
3.0791812460476247
3.0791812460476247
3.4771212547196626
3.4771212547196626
3.1760912590556813
3.7781512503836434
3.3010299956639813
3.7781512503836434
3.4771212547196626
3.0791812460476247
3.0791812460476247
3.4771212547196626
3.7781512503836434
3.7781512503836434
3.7781512503836434
3.0
3.7781512503836434
3.7781512503836434
3.7781512503836434
3.7781512503836434
3.4771212547196626
3.0
3.4771212547196626
2.5477023290053697
3.1760912590556813
3.7781512503836434
3.7781512503836434
3.4771212547196626
3.7781512503836434
3.7781512503836434
3.7781512503836434
3.0791812460476247
2.7367585652254185
3.4771212547196626
2.209949526316649
2.778151250383644
2.7367585652254185
3.7781512503836434
3.7781512503836434
2.933053210369387
3.7781512503836434
3.4771212547196626
3.7781512503836434
3.7781512503836434
3.4771212547196626
2.4771212547196626
2.778151250383644
3.0791812460476247
2.8239087409443187
3.7781512503836434
3.7781512503836434
3.7781512503836434
3.7781512503836434
3.7781512503836434
3.7781512503836434
3.7781512503836434
3.0791812460476247
3.0791812460476247
3.4771212547196626
3.1760912590556813
3.3010299956639813
2.6989700043360187
3.4771212547196626
3.4771212547196626
3.7781512503836434
3.7781512503836434
3.0791812460476247
3.7781512503836434
3.1760912590556813
3.4771212547196626
3.7781512503836434
3.7781512503836434
3.7781512503836434
2.8239087409443187
2.6320232147054057
3.7781512503836434
2.3157532524846873
2.5477023290053697
2.4559319556497243
3.7781512503836434
3.7781512503836434
2.933053210369387
1.8973376581028523
3.3010299956639813
3.3010299956639813
2.7367585652254185
3.7781512503836434
3.4771212547196626
3.3010299956639813
3.0791812460476247
3.7781512503836434
3.7781512503836434
3.7781512503836434
3.7781512503836434
3.7781512503836434
3.7781512503836434
3.7781512503836434
3.7781512503836434
3.3010299956639813
3.7781512503836434
3.7781512503836434
2.664207898076807
2.079181246047625
3.3010299956639813
2.6020599913279625
3.7781512503836434
2.7367585652254185
3.4771212547196626
3.4771212547196626
3.7781512503836434
2.4357285695614372
3.7781512503836434
2.4357285695614372
2.778151250383644
3.7781512503836434
3.7781512503836434
3.7781512503836434
3.7781512503836434
3.7781512503836434
3.7781512503836434
3.7781512503836434
3.7781512503836434
3.4771212547196626
2.6320232147054057
3.3010299956639813
3.7781512503836434
3.7781512503836434
3.7781512503836434
3.7781512503836434
3.7781512503836434
3.0791812460476247
3.7781512503836434
3.7781512503836434
3.7781512503836434
3.7781512503836434
3.7781512503836434
3.7781512503836434
3.4771212547196626
3.7781512503836434
2.933053210369387
3.7781512503836434
3.7781512503836434
3.7781512503836434
3.7781512503836434
3.7781512503836434
3.7781512503836434
3.3010299956639813
3.7781512503836434
3.7781512503836434
2.134698573897456
3.0
3.7781512503836434
3.7781512503836434
3.7781512503836434
3.7781512503836434
3.7781512503836434
3.7781512503836434
3.7781512503836434
3.7781512503836434
3.7781512503836434
3.7781512503836434
3.4771212547196626
3.4771212547196626
3.7781512503836434
3.7781512503836434
2.6020599913279625
2.6989700043360187
3.4771212547196626
3.4771212547196626
3.7781512503836434
3.4771212547196626
3.4771212547196626
3.7781512503836434
3.7781512503836434
3.7781512503836434
3.7781512503836434
3.0791812460476247
3.7781512503836434
3.7781512503836434
3.7781512503836434
3.7781512503836434
3.7781512503836434
3.7781512503836434
3.1760912590556813
3.7781512503836434
2.6020599913279625
2.8239087409443187
3.7781512503836434
3.7781512503836434
3.4771212547196626
3.7781512503836434
3.3010299956639813
3.7781512503836434
3.7781512503836434
3.7781512503836434
2.778151250383644
3.7781512503836434
3.1760912590556813
3.3010299956639813
3.7781512503836434
2.1653673936639084
3.7781512503836434
2.346787486224656
3.7781512503836434
2.2730012720637376
3.3010299956639813
3.7781512503836434
3.7781512503836434
3.4771212547196626
3.7781512503836434
3.7781512503836434
1.0192393579856702
3.7781512503836434
3.7781512503836434
3.3010299956639813
3.3010299956639813
3.7781512503836434
3.7781512503836434
2.933053210369387
2.8750612633917
3.7781512503836434
2.933053210369387
2.8239087409443187
3.4771212547196626
3.0791812460476247
2.5477023290053697
1.4685210829577449
1.1782681783099558
3.7781512503836434
3.7781512503836434
3.7781512503836434
3.7781512503836434
3.7781512503836434
3.0791812460476247
3.7781512503836434
3.7781512503836434
2.4993976494308145
3.7781512503836434
3.4771212547196626
3.4771212547196626
3.7781512503836434
3.7781512503836434
3.7781512503836434
3.7781512503836434
3.4771212547196626
3.7781512503836434
1.2206440484779857
3.7781512503836434
3.7781512503836434
3.7781512503836434
3.7781512503836434
3.7781512503836434
3.7781512503836434
3.7781512503836434
3.7781512503836434
3.7781512503836434
3.7781512503836434
2.8239087409443187
2.4993976494308145
2.4559319556497243
2.664207898076807
3.7781512503836434
3.0791812460476247
3.7781512503836434
3.4771212547196626
3.7781512503836434
2.933053210369387
2.4357285695614372
3.4771212547196626
3.4771212547196626
1.024568191490737
1.024568191490737
3.7781512503836434
3.7781512503836434
3.4771212547196626
3.7781512503836434
3.7781512503836434
3.7781512503836434
3.7781512503836434
3.7781512503836434
3.7781512503836434
3.4771212547196626
3.1760912590556813
3.7781512503836434
3.7781512503836434
3.4771212547196626
2.933053210369387
3.7781512503836434
3.7781512503836434
3.7781512503836434
3.4771212547196626
1.024568191490737
2.3157532524846873
3.4771212547196626
2.7367585652254185
2.933053210369387
3.3010299956639813
3.7781512503836434
3.7781512503836434
3.7781512503836434
3.7781512503836434
3.7781512503836434
3.0
3.1760912590556813
3.4771212547196626
3.7781512503836434
3.7781512503836434
3.4771212547196626
3.1760912590556813
1.3532696137525766
2.574031267727719
2.6989700043360187
3.7781512503836434
3.7781512503836434
3.4771212547196626
3.0
3.7781512503836434
3.1760912590556813
3.7781512503836434
3.7781512503836434
3.7781512503836434
2.1870866433571443
3.7781512503836434
3.7781512503836434
3.7781512503836434
3.3010299956639813
3.4771212547196626
2.5477023290053697
3.3010299956639813
3.7781512503836434
2.664207898076807
2.8239087409443187
3.7781512503836434
3.1760912590556813
3.7781512503836434
3.7781512503836434
3.7781512503836434
3.0
3.1760912590556813
3.7781512503836434
3.7781512503836434
3.7781512503836434
3.7781512503836434
3.7781512503836434
3.4771212547196626
3.7781512503836434
2.2867895565493708
1.7212463990471711
3.7781512503836434
3.7781512503836434
3.7781512503836434
3.0
1.7958800173440752
2.234083206033368
3.7781512503836434
3.7781512503836434
3.0791812460476247
3.4771212547196626
3.7781512503836434
3.7781512503836434
2.8750612633917
3.4771212547196626
3.7781512503836434
3.7781512503836434
3.7781512503836434
3.3010299956639813
3.4771212547196626
3.4771212547196626
2.070581074285707
2.8239087409443187
3.7781512503836434
3.3010299956639813
3.7781512503836434
3.7781512503836434
2.4559319556497243
3.7781512503836434
3.3010299956639813
2.8239087409443187
3.4771212547196626
3.7781512503836434
2.7367585652254185
3.7781512503836434
3.7781512503836434
3.4771212547196626
3.7781512503836434
3.7781512503836434
3.7781512503836434
3.7781512503836434
3.7781512503836434
3.7781512503836434
3.7781512503836434
3.0791812460476247
3.7781512503836434
3.7781512503836434
3.4771212547196626
3.7781512503836434
3.7781512503836434
3.7781512503836434
3.7781512503836434
3.7781512503836434
3.7781512503836434
3.7781512503836434
3.7781512503836434
3.7781512503836434
3.7781512503836434
3.7781512503836434
3.7781512503836434
3.3010299956639813
3.7781512503836434
2.7367585652254185
3.7781512503836434
3.7781512503836434
3.1760912590556813
3.1760912590556813
3.7781512503836434
3.7781512503836434
3.4771212547196626
3.7781512503836434
2.933053210369387
3.1760912590556813
3.1760912590556813
3.7781512503836434
3.3010299956639813
3.3010299956639813
2.5228787452803374
3.0791812460476247
3.4771212547196626
3.3010299956639813
3.4771212547196626
3.3010299956639813
2.8750612633917
3.7781512503836434
2.4771212547196626
2.6989700043360187
3.1760912590556813
3.4771212547196626
2.933053210369387
3.4771212547196626
3.7781512503836434
3.7781512503836434
3.7781512503836434
3.4771212547196626
3.4771212547196626
3.7781512503836434
2.778151250383644
3.7781512503836434
2.6989700043360187
2.08795517035513
3.4771212547196626
3.7781512503836434
3.7781512503836434
2.8750612633917
3.7781512503836434
3.4771212547196626
3.4771212547196626
3.3010299956639813
1.805023396783945
3.7781512503836434
1.1210953975265396
3.4771212547196626
3.4771212547196626
3.4771212547196626
3.7781512503836434
3.3010299956639813
3.7781512503836434
3.7781512503836434
3.3010299956639813
3.0
3.0
3.0791812460476247
3.4771212547196626
1.958607314841775
3.4771212547196626
2.933053210369387
3.7781512503836434
3.7781512503836434
3.4771212547196626
3.7781512503836434
3.7781512503836434
3.7781512503836434
3.0791812460476247
3.7781512503836434
3.7781512503836434
3.4771212547196626
3.7781512503836434
3.4771212547196626
3.7781512503836434
3.7781512503836434
3.7781512503836434
3.7781512503836434
3.7781512503836434
3.7781512503836434
3.4771212547196626
3.4771212547196626
3.7781512503836434
3.3010299956639813
3.3010299956639813
2.778151250383644
2.4993976494308145
2.234083206033368
3.4771212547196626
3.7781512503836434
3.7781512503836434
3.7781512503836434
3.7781512503836434
3.7781512503836434
3.1760912590556813
3.7781512503836434
3.7781512503836434
3.3010299956639813
3.7781512503836434
3.7781512503836434
3.7781512503836434
3.1760912590556813
3.7781512503836434
3.7781512503836434
3.7781512503836434
3.7781512503836434
3.7781512503836434
3.7781512503836434
2.2867895565493708
2.574031267727719
2.0969100130080562
3.0791812460476247
3.1760912590556813
2.4993976494308145
3.7781512503836434
3.0791812460476247
2.933053210369387
3.1760912590556813
3.7781512503836434
3.4771212547196626
3.7781512503836434
3.1760912590556813
3.1760912590556813
2.6320232147054057
3.7781512503836434
3.7781512503836434
3.0
3.1760912590556813
3.7781512503836434
3.7781512503836434
3.7781512503836434
3.7781512503836434
3.3010299956639813
3.4771212547196626
1.7136932611567253
3.0791812460476247
3.0791812460476247
3.7781512503836434
3.7781512503836434
3.7781512503836434
3.7781512503836434
3.7781512503836434
3.7781512503836434
2.259637310505756
3.7781512503836434
3.7781512503836434
3.0791812460476247
2.6989700043360187
3.7781512503836434
3.1760912590556813
3.7781512503836434
2.7367585652254185
3.4771212547196626
2.5228787452803374
3.4771212547196626
3.0791812460476247
3.0
3.7781512503836434
3.7781512503836434
3.7781512503836434
3.7781512503836434
2.933053210369387
3.3010299956639813
3.7781512503836434
3.7781512503836434
3.7781512503836434
1.254404783572079
1.3233063903751334
3.3010299956639813
2.5228787452803374
2.8239087409443187
3.7781512503836434
3.4771212547196626
3.7781512503836434
3.7781512503836434
3.7781512503836434
2.1653673936639084
3.7781512503836434
3.7781512503836434
1.024568191490737
3.7781512503836434
2.778151250383644
3.7781512503836434
3.4771212547196626
3.0791812460476247
3.7781512503836434
3.7781512503836434
3.7781512503836434
3.4771212547196626
3.4771212547196626
3.3010299956639813
3.7781512503836434
3.7781512503836434
3.1760912590556813
3.1760912590556813
3.0791812460476247
3.4771212547196626
3.1760912590556813
3.7781512503836434
3.7781512503836434
2.209949526316649
2.4357285695614372
2.2867895565493708
2.1760912590556813
3.7781512503836434
2.7367585652254185
3.3010299956639813
2.6320232147054057
1.3682181270523492
3.0791812460476247
3.1760912590556813
3.4771212547196626
3.4771212547196626
3.3010299956639813
3.3010299956639813
3.7781512503836434
3.4771212547196626
3.7781512503836434
3.7781512503836434
3.7781512503836434
3.7781512503836434
2.5228787452803374
3.7781512503836434
2.6020599913279625
3.7781512503836434
3.0791812460476247
3.7781512503836434
3.1760912590556813
3.7781512503836434
2.346787486224656
3.7781512503836434
3.7781512503836434
3.4771212547196626
3.4771212547196626
3.4771212547196626
3.4771212547196626
3.0791812460476247
3.1760912590556813
3.7781512503836434
2.7367585652254185
3.1760912590556813
3.4771212547196626
3.4771212547196626
2.4771212547196626
3.7781512503836434
3.0791812460476247
3.7781512503836434
3.7781512503836434
2.778151250383644
3.7781512503836434
3.7781512503836434
3.4771212547196626
3.7781512503836434
3.7781512503836434
3.7781512503836434
2.416423414366051
3.7781512503836434
3.7781512503836434
3.7781512503836434
3.7781512503836434
1.7611179110848632
2.045757490560675
3.3010299956639813
3.4771212547196626
3.4771212547196626
3.7781512503836434
3.4771212547196626
3.7781512503836434
3.7781512503836434
3.7781512503836434
3.7781512503836434
3.7781512503836434
3.7781512503836434
2.8239087409443187
2.0222763947111524
3.7781512503836434
2.8239087409443187
2.5228787452803374
2.4993976494308145
3.7781512503836434
3.0791812460476247
3.7781512503836434
3.1760912590556813
3.1760912590556813
3.3010299956639813
3.7781512503836434
3.7781512503836434
2.664207898076807
2.8239087409443187
3.4771212547196626
3.4771212547196626
3.7781512503836434
3.7781512503836434
3.4771212547196626
3.3010299956639813
3.7781512503836434
3.1760912590556813
3.4771212547196626
3.0791812460476247
3.7781512503836434
3.7781512503836434
3.4771212547196626
3.7781512503836434
3.7781512503836434
2.4993976494308145
2.5228787452803374
3.0791812460476247
3.4771212547196626
2.6020599913279625
2.8750612633917
3.4771212547196626
2.4993976494308145
2.6989700043360187
3.7781512503836434
3.0
3.4771212547196626
3.3010299956639813
3.7781512503836434
3.7781512503836434
3.3010299956639813
3.7781512503836434
3.7781512503836434
3.7781512503836434
3.7781512503836434
3.3010299956639813
3.3010299956639813
3.1760912590556813
3.7781512503836434
3.7781512503836434
3.7781512503836434
3.1760912590556813
3.7781512503836434
3.3010299956639813
3.7781512503836434
3.7781512503836434
3.7781512503836434
3.4771212547196626
2.933053210369387
3.7781512503836434
3.7781512503836434
3.7781512503836434
1.5822515979744098
3.7781512503836434
3.7781512503836434
3.3010299956639813
3.3010299956639813
3.3010299956639813
3.7781512503836434
3.1760912590556813
3.7781512503836434
3.7781512503836434
3.7781512503836434
3.4771212547196626
3.7781512503836434
3.7781512503836434
3.7781512503836434
3.7781512503836434
3.4771212547196626
3.7781512503836434
3.0
3.7781512503836434
3.7781512503836434
3.3010299956639813
2.933053210369387
3.4771212547196626
2.778151250383644
3.7781512503836434
3.4771212547196626
3.3010299956639813
3.7781512503836434
3.7781512503836434
3.3010299956639813
3.3010299956639813
3.1760912590556813
3.1760912590556813
3.7781512503836434
3.7781512503836434
3.7781512503836434
3.7781512503836434
1.1782681783099558
3.7781512503836434
3.4771212547196626
3.7781512503836434
3.4771212547196626
3.7781512503836434
3.1760912590556813
3.1760912590556813
3.7781512503836434
3.7781512503836434
2.5477023290053697
3.4771212547196626
2.933053210369387
3.4771212547196626
3.7781512503836434
3.7781512503836434
3.4771212547196626
3.7781512503836434
2.0
2.5477023290053697
2.1983676537668337
2.664207898076807
3.4771212547196626
3.7781512503836434
3.7781512503836434
3.7781512503836434
3.7781512503836434
3.3010299956639813
3.7781512503836434
3.7781512503836434
3.3010299956639813
3.7781512503836434
1.9089195306526676
3.0
3.7781512503836434
3.7781512503836434
3.1760912590556813
3.7781512503836434
3.0791812460476247
3.4771212547196626
3.7781512503836434
1.0253348191953722
3.7781512503836434
2.933053210369387
3.4771212547196626
3.4771212547196626
2.664207898076807
3.7781512503836434
3.4771212547196626
3.0791812460476247
3.7781512503836434
3.7781512503836434
3.7781512503836434
3.7781512503836434
3.7781512503836434
3.7781512503836434
3.7781512503836434
2.1983676537668337
3.0
2.8750612633917
3.1760912590556813
3.4771212547196626
3.7781512503836434
3.7781512503836434
3.7781512503836434
3.7781512503836434
3.7781512503836434
2.8750612633917
3.7781512503836434
3.7781512503836434
3.1760912590556813
3.7781512503836434
3.7781512503836434
3.7781512503836434
3.0
3.7781512503836434
3.7781512503836434
1.1125702593656905
1.9148283902631877
2.0
3.7781512503836434
3.7781512503836434
2.6320232147054057
1.0199966284162536
3.0791812460476247
3.4771212547196626
3.7781512503836434
2.8239087409443187
2.1983676537668337
2.106053392447926
3.7781512503836434
3.7781512503836434
3.7781512503836434
3.4771212547196626
3.7781512503836434
2.933053210369387
2.6320232147054057
3.0791812460476247
3.1760912590556813
3.0791812460476247
1.9089195306526676
3.7781512503836434
3.7781512503836434
3.7781512503836434
2.7367585652254185
2.778151250383644
3.7781512503836434
3.7781512503836434
3.7781512503836434
3.7781512503836434
1.717453410030032
3.4771212547196626
3.7781512503836434
3.4771212547196626
3.3010299956639813
3.7781512503836434
2.08795517035513
3.1760912590556813
3.7781512503836434
3.7781512503836434
3.4771212547196626
3.3010299956639813
3.7781512503836434
3.3010299956639813
3.3010299956639813
3.7781512503836434
3.7781512503836434
2.6020599913279625
1.7781512503836436
2.007299238741499
3.7781512503836434
3.7781512503836434
3.7781512503836434
3.1760912590556813
3.7781512503836434
3.4771212547196626
3.7781512503836434
3.4771212547196626
3.7781512503836434
3.7781512503836434
2.7367585652254185
3.7781512503836434
2.8239087409443187
3.7781512503836434
3.7781512503836434
3.7781512503836434
2.8239087409443187
3.4771212547196626
3.7781512503836434
3.0791812460476247
3.7781512503836434
2.778151250383644
2.3631779024128257
3.4771212547196626
3.3010299956639813
3.7781512503836434
3.3010299956639813
3.7781512503836434
3.7781512503836434
3.7781512503836434
1.6917914197088955
3.4771212547196626
3.3010299956639813
3.3010299956639813
3.4771212547196626
3.7781512503836434
3.7781512503836434
3.4771212547196626
3.1760912590556813
3.7781512503836434
3.7781512503836434
3.7781512503836434
3.0791812460476247
3.3010299956639813
3.7781512503836434
3.1760912590556813
3.7781512503836434
3.7781512503836434
3.7781512503836434
3.7781512503836434
3.7781512503836434
3.7781512503836434
3.7781512503836434
3.0
3.4771212547196626
3.7781512503836434
3.4771212547196626
3.7781512503836434
3.7781512503836434
3.7781512503836434
3.4771212547196626
3.7781512503836434
3.7781512503836434
3.4771212547196626
3.7781512503836434
3.7781512503836434
3.7781512503836434
3.7781512503836434
3.0
3.0
3.4771212547196626
3.7781512503836434
3.4771212547196626
3.7781512503836434
3.7781512503836434
3.7781512503836434
3.7781512503836434
3.7781512503836434
3.7781512503836434
3.4771212547196626
3.7781512503836434
2.574031267727719
3.3010299956639813
3.7781512503836434
3.1760912590556813
3.1760912590556813
3.7781512503836434
3.3010299956639813
3.7781512503836434
3.7781512503836434
3.4771212547196626
3.4771212547196626
2.4559319556497243
3.7781512503836434
2.3309932190414244
2.5228787452803374
3.7781512503836434
3.0791812460476247
3.1760912590556813
3.7781512503836434
3.7781512503836434
3.3010299956639813
3.0791812460476247
2.778151250383644
3.7781512503836434
3.7781512503836434
3.1760912590556813
3.4771212547196626
3.1760912590556813
3.4771212547196626
3.7781512503836434
3.7781512503836434
3.7781512503836434
3.7781512503836434
3.3010299956639813
3.7781512503836434
3.7781512503836434
3.7781512503836434
3.7781512503836434
3.7781512503836434
2.778151250383644
3.7781512503836434
3.7781512503836434
3.7781512503836434
3.3010299956639813
3.4771212547196626
3.4771212547196626
3.4771212547196626
2.778151250383644
2.5228787452803374
3.7781512503836434
1.2853908613568061
3.3010299956639813
3.3010299956639813
3.4771212547196626
3.4771212547196626
2.4771212547196626
3.7781512503836434
2.574031267727719
3.1760912590556813
3.7781512503836434
2.7367585652254185
1.2018099001778508
3.4771212547196626
3.7781512503836434
2.4771212547196626
2.4357285695614372
3.7781512503836434
3.7781512503836434
3.7781512503836434
2.6989700043360187
3.7781512503836434
3.1760912590556813
3.7781512503836434
3.3010299956639813
3.7781512503836434
3.7781512503836434
3.7781512503836434
3.0791812460476247
3.7781512503836434
3.7781512503836434
3.4771212547196626
3.7781512503836434
3.7781512503836434
3.7781512503836434
3.3010299956639813
3.7781512503836434
3.7781512503836434
2.8239087409443187
3.3010299956639813
3.7781512503836434
3.3010299956639813
3.7781512503836434
3.4771212547196626
3.7781512503836434
3.7781512503836434
2.664207898076807
3.7781512503836434
3.4771212547196626
3.7781512503836434
2.6989700043360187
3.7781512503836434
3.7781512503836434
3.7781512503836434
3.4771212547196626
2.2867895565493708
3.4771212547196626
3.7781512503836434
2.4771212547196626
2.6020599913279625
3.4771212547196626
3.3010299956639813
3.0
3.7781512503836434
3.7781512503836434
3.3010299956639813
3.4771212547196626
3.4771212547196626
3.4771212547196626
3.4771212547196626
3.4771212547196626
3.1760912590556813
3.7781512503836434
3.7781512503836434
3.7781512503836434
3.7781512503836434
3.7781512503836434
3.7781512503836434
3.7781512503836434
3.1760912590556813
3.4771212547196626
3.7781512503836434
3.7781512503836434
3.4771212547196626
3.0791812460476247
3.0
2.1870866433571443
3.7781512503836434
3.4771212547196626
3.0
3.7781512503836434
2.664207898076807
3.4771212547196626
2.106053392447926
2.3631779024128257
3.4771212547196626
3.3010299956639813
3.0791812460476247
3.0
2.0222763947111524
3.1760912590556813
3.0
3.7781512503836434
3.7781512503836434
2.6320232147054057
2.6320232147054057
3.7781512503836434
3.7781512503836434
3.7781512503836434
3.7781512503836434
3.7781512503836434
1.7026042889911128
1.6608799547278794
2.007299238741499
3.7781512503836434
3.7781512503836434
3.7781512503836434
3.7781512503836434
3.1760912590556813
3.7781512503836434
3.7781512503836434
3.0791812460476247
3.3010299956639813
3.4771212547196626
3.7781512503836434
3.4771212547196626
3.4771212547196626
3.7781512503836434
3.0791812460476247
2.933053210369387
3.4771212547196626
3.7781512503836434
3.4771212547196626
3.3010299956639813
3.3010299956639813
3.7781512503836434
3.1760912590556813
2.933053210369387
3.0791812460476247
2.7367585652254185
3.0791812460476247
3.0791812460476247
3.3010299956639813
3.3010299956639813
1.5180798623985687
3.4771212547196626
3.7781512503836434
3.7781512503836434
3.7781512503836434
3.7781512503836434
3.7781512503836434
3.7781512503836434
3.7781512503836434
3.7781512503836434
3.7781512503836434
3.7781512503836434
3.7781512503836434
3.3010299956639813
3.7781512503836434
3.7781512503836434
3.7781512503836434
3.7781512503836434
2.7367585652254185
2.8239087409443187
3.0
2.8750612633917
3.0791812460476247
3.3010299956639813
3.7781512503836434
3.3010299956639813
3.7781512503836434
3.7781512503836434
3.7781512503836434
3.7781512503836434
3.7781512503836434
3.7781512503836434
3.7781512503836434
3.7781512503836434
3.7781512503836434
3.7781512503836434
3.7781512503836434
3.7781512503836434
3.7781512503836434
2.4771212547196626
3.7781512503836434
3.7781512503836434
2.6320232147054057
3.4771212547196626
2.7367585652254185
3.0
2.933053210369387
3.1760912590556813
3.1760912590556813
3.1760912590556813
3.3010299956639813
3.7781512503836434
2.070581074285707
2.664207898076807
1.585026652029182
3.3010299956639813
3.7781512503836434
3.7781512503836434
3.7781512503836434
3.7781512503836434
3.7781512503836434
3.7781512503836434
3.7781512503836434
3.3010299956639813
3.7781512503836434
3.0791812460476247
3.0791812460476247
2.8750612633917
3.7781512503836434
3.7781512503836434
3.7781512503836434
1.7487674726984341
2.079181246047625
3.7781512503836434
3.1760912590556813
3.7781512503836434
3.4771212547196626
3.4771212547196626
3.7781512503836434
3.4771212547196626
3.7781512503836434
3.7781512503836434
3.7781512503836434
3.4771212547196626
3.4771212547196626
3.7781512503836434
3.7781512503836434
2.8239087409443187
3.7781512503836434
3.0
3.4771212547196626
2.574031267727719
2.6989700043360187
3.7781512503836434
3.4771212547196626
3.4771212547196626
3.4771212547196626
3.4771212547196626
2.6989700043360187
3.0
3.4771212547196626
2.1653673936639084
3.7781512503836434
2.933053210369387
3.7781512503836434
3.7781512503836434
3.4771212547196626
2.4993976494308145
2.346787486224656
3.7781512503836434
3.7781512503836434
3.7781512503836434
3.7781512503836434
3.7781512503836434
3.7781512503836434
3.0
3.3010299956639813
3.7781512503836434
3.7781512503836434
3.7781512503836434
2.416423414366051
3.1760912590556813
3.4771212547196626
2.664207898076807
3.4771212547196626
2.8239087409443187
2.574031267727719
3.7781512503836434
3.7781512503836434
3.4771212547196626
3.7781512503836434
3.0791812460476247
3.0791812460476247
2.574031267727719
1.978810700930062
3.7781512503836434
3.4771212547196626
3.7781512503836434
2.7367585652254185
3.7781512503836434
3.7781512503836434
3.7781512503836434
3.7781512503836434
2.6320232147054057
2.778151250383644
3.7781512503836434
3.7781512503836434
2.778151250383644
2.346787486224656
2.6020599913279625
3.7781512503836434
3.7781512503836434
3.4771212547196626
3.4771212547196626
2.8239087409443187
3.7781512503836434
3.0791812460476247
2.6989700043360187
3.7781512503836434
3.7781512503836434
3.4771212547196626
3.7781512503836434
3.7781512503836434
2.778151250383644
1.9857595608853897
2.6020599913279625
3.4771212547196626
3.7781512503836434
2.574031267727719
2.6989700043360187
3.3010299956639813
1.0253348191953722
3.1760912590556813
3.7781512503836434
1.7869251746911488
3.7781512503836434
3.4771212547196626
3.7781512503836434
2.6020599913279625
2.8239087409443187
3.4771212547196626
3.4771212547196626
3.7781512503836434
3.7781512503836434
3.7781512503836434
3.7781512503836434
2.6989700043360187
3.7781512503836434
2.6989700043360187
3.7781512503836434
3.4771212547196626
3.7781512503836434
1.7487674726984341
3.7781512503836434
3.7781512503836434
3.7781512503836434
3.7781512503836434
2.5477023290053697
3.7781512503836434
3.0
3.7781512503836434
2.014723256820706
3.7781512503836434
3.1760912590556813
2.933053210369387
3.0
2.8239087409443187
3.4771212547196626
3.7781512503836434
3.7781512503836434
3.4771212547196626
3.4771212547196626
3.7781512503836434
3.7781512503836434
3.7781512503836434
3.7781512503836434
3.7781512503836434
3.0791812460476247
2.106053392447926
3.7781512503836434
3.7781512503836434
3.7781512503836434
2.380211241711606
3.7781512503836434
3.4771212547196626
3.4771212547196626
3.7781512503836434
2.1983676537668337
3.0791812460476247
2.6320232147054057
3.7781512503836434
3.7781512503836434
3.1760912590556813
3.7781512503836434
3.7781512503836434
3.4771212547196626
3.7781512503836434
2.664207898076807
3.7781512503836434