259
209
235
183
176
204
222
186
130
95
213
119
166
239
81
134
199
178
200
263
251
183
198
159
301
180
226
187
173
205
176
197
155
168
213
127
206
217
196
165
173
224
246
236
191
163
151
197
197
260
189
206
186
194
154
184
199
190
206
420
154
324
230
202
185
244
216
239
169
195
259
193
154
179
215
232
199
214
313
190
200
149
197
201
186
189
271
164
209
287
175
159
198
263
256
234
219
210
286
384
585
220
306
321
234
219
285
389
190
190
298
147
192
141
201
214
199
189
137
300
336
252
191
189
203
295
492
286
226
240
150
202
178
186
213
190
401
540
156
255
207
193
225
353
194
201
185
278
192
153
181
179
182
290
188
182
186
147
384
210
242
180
228
250
227
204
174
296
184
473
243
198
209
215
199
212
203
291
264
236
187
210
256
156
306
116
100
263
178
212
179
239
186
205
423
210
355
223
168
311
610
172
183
236
295
127
286
231
207
228
308
118
283
236
152
142
138
217
237
177
209
198
145
277
270
107
269
184
220
394
166
282
208
225
239
154
227
209
182
499
267
184
177
153
176
211
139
285
191
244
235
134
222
187
163
153
283
253
142
251
59
149
159
252
131
121
187
238
267
246
114
194
150
301
297
164
186
163
154
202
186
262
167
193
165
128
179
303
307
162
156
189
195
248
158
240
155
183
182
90
212
226
228
418
155
187
116
213
228
230
237
106
183
262
379
127
113
145
233
172
180
138
183
158
176
231
128
116
156
360
201
232
154
265
236
192
218
197
157
171
147
313
172
140
152
152
122
181
224
168
189
222
115
153
96
219
191
233
174
280
245
225
175
235
139
313
117
109
205
248
166
179
174
129
202
188
349
156
183
256
185
229
219
211
108
243
129
147
219
144
183
215
278
154
238
220
206
234
130
152
208
301
188
224
252
246
246
163
224
150
459
329
213
128
248
151
197
223
270
167
130
124
226
142
139
203
152
182
140
242
215
219
148
155
215
165
158
178
246
199
205
162
251
130
288
191
193
216
337
182
177
203
173
142
179
216
242
109
150
214
235
205
218
178
149
265
149
215
226
130
244
159
241
161
102
157
184
222
212
209
112
215
186
306
147
105
195
231
189
194
256
239
161
216
154
299
743
157
237
187
173
206
229
255
158
135
365
174
141
189
229
148
177
175
168
126
131
245
186
247
353
144
289
165
102
134
173
132
152
145
235
222
195
178
167
173
212
140
260
59
121
401
306
101
136
170
148
81
168
106
119
298
135
187
128
182
157
159
140
159
127
151
231
259
145
112
323
130
130
152
214
193
369
162
201
180
106
187
170
206
122
280
151
54
108
190
123
130
160
162
182
278
164
506
300
238
259
239
201
79
274
242
131
178
156
142
172
117
87
189
163
253
309
172
592
178
177
154
153
111
228
284
173
262
310
228
335
326
155
178
163
205
283
235
257
470
145
133
119
189
167
109
168
221
217
194
132
182
248
152
249
177
206
152
161
225
295
353
186
156
167
153
176
420
169
206
150
226
260
223
123
333
264
245
194
240
158
164
197
179
188
238
208
218
208
206
160
180
160
231
162
269
196
251
173
129
194
361
135
209
228
249
159
301
166
184
141
205
165
219
219
188
259
182
299
157
196
143
152
186
287
153
178
158
184
229
222
159
180
195
192
166
197
220
168
208
184
167
152
144
240
170
129
140
160
203
155
177
239
250
206
182
248
157
321
202
412
166
178
228
140
180
248
275
206
313
189
230
529
192
190
167
252
212
198
205
220
211
133
294
198
207
528
174
196
134
187
254
192
179
295
160
199
148
198
142
236
180
151
196
175
130
157
220
165
221
198
171
194
294
214
206
148
279
243
196
184
226
240
138
184
242
189
177
155
202
264
148
233
361
223
219
207
240
181
176
185
210
243
334
206
116
247
151
202
214
236
243
217
164
264
184
178
228
259
250
286
158
262
151
179
162
216
213
201
204
375
150
278
179
180
250
324
171
184
277
177
389
113
167
195
219
177
207
176
172
320
215
141
147
270
247
183
143
198
167
254
260
289
134
274
138
198
132
339
148
218
257
155
216
203
141
225
172
250
148
235
289
256
193
161
212
190
112
370
323
218
191
172
236
161
251
356
128
161
244
246
197
302
249
137
181
156
193
227
157
208
153
314
196
140
238
270
262
247
160
206
266
301
320
310
209
130
139
217
184
228
102
199
238
231
216
231
241
147
221
254
201
207
234
204
183
134
247
158
178
305
219
217
223
228
181
181
260
343
199
185
223
261
243
115
149
170
182
225
182
159
161
158
153
196
225
60
147
157
179
195
256
137
112
117
105
76
350
173
93
180
153
163
165
178
142
177
136
89
224
112
264
113
61
148
230
276
175
155
59
106
204
249
42
187
142
205
194
175
132
92
129
203
190
137
228
130
284
119
238
145
162
189
183
231
159
180
130
274
245
197
179
128
302
156
219
121
146
233
156
297
430
176
114
174
208
184
98
193
118
97
193
131
128
117
167
161
195
106
61
162
122
104
189
99
143
189
184
179
169
199
205
226
176
153
166
201
154
187
151
103
106
101
189
162
225
151
230
149
272
121
199
184
106
166
137
259
101
153
143
192
174
123
273
122
140
85
146
192
130
244
188
225
218
146
249
173
276
241
214
202
141
179
141
211
126
123
178
151
92
241
130
215
178
131
120
149
172
140
268
204
184
144
105
161
122
123
165
169
203
220
199
132
61
169
197
213
164
128
162
159
227
144
212
221
239
160
288
152
151
168
233
90
126
92
153
169
140
119
172
115
137
301
227
147
135
119
180
325
248
102
198
132
152
158
236
144
241
178
223
324
277
183
157
243
125
125
310
180
301
202
202
148
201
156
284
112
200
174
162
174
139
295
147
384
321
233
157
292
189
112
203
188
177
148
155
255
210
173
186
301
153
202
252
216
322
182
244
223
151
207
184
264
223
158
278
189
206
245
223
339
143
364
162
287
169
264
173
173
240
197
268
229
220
171
247
258
261
258
296
197
174
162
153
473
130
141
187
198
206
286
120
179
319
207
208
150
225
124
158
190
190
193
187
129
206
188
262
176
213
164
192
119
234
257
123
240
195
207
137
165
355
287
114
162
298
140
186
173
150
262
240
135
202
196
126
255
322
184
207
188
275
226
193
380
143
156
135
222
154
212
283
308
95
141
345
135
180
269
192
172
335
161
185
267
251
291
258
273
165
310
176
175
154
242
287
204
224
215
234
159
169
182
141
159
245
249
178
124
202
150
299
185
155
173
171
200
175
141
209
225
173
389
199
138
219
283
89
240
394
207
221
354
266
269
154
170
263
325
262
257
241
132
108
96
240
227
192
167
288
205
164
277
283
324
211
172
165
179
192
214
229
122
179
180
121
259
180
171
210
180
180
96
104
177
96
230
164
291
176
397
142
258
154
238
362
252
235
196
118
318
304
127
169
265
215
185
210
289
313
195
206
164
227
126
346
206
400
162
265
193
150
270
173
196
210
277
139
213
263
154
152
193
127
198
147
220
198
221
127
60
248
230
184
194
259
177
158
156
194
233
201
301
391
233
154
121
207
159
290
267
159
340
229
212
154
188
222
230
171
326
198
141
267
256
142
203
137
131
217
248
138
185
118
314
273
205
221
177
161
202
122
429
139
195
201
185
169
206
87
163
172
188
199
136
219
226
180
146
190
195
221
194
246
155
173
202
221
224
137
198
248
157
200
202
128
80
264
225
180
162
168
309
220
204
217
201
347
161
185
200
164
300
189
164
220
121
347
138
220
418
277
116
198
205
121
131
204
137
311
169
271
247
187
191
172
248
156
171
350
151
277
126
309
199
167
320
1148
198
178
285
230
167
267
184
393
158
210
169
153
127
174
109
100
312
356
274
232
141
227
126
138
181
95
182
155
253
211
229
97
208
237
152
291
264
233
184
182
212
132
139
295
216
222
233
297
135
161
221
185
206
223
171
205
175
226
330
94
186
447
261
199
201
252
244
175
175
104
330
120
182
336
147
224
381
224
164
264
60
125
214
264
306
170
238
180
108
194
201
328
196
56
207
214
220
288
90
102
153
177
256
205
249
190
182
206
183
243
157
180
167
115
107
261
145
121
335
259
174
231
184
233
181
95
185
278
375
151
202
259
309
179
223
209
146
150
247
170
115
122
123
175
152
167
331
174
145
237
173
182
220
195
278
251
136
133
160
143
230
133
171
157
249
141
147
157
335
251
169
267
257
267
178
201
260
222
129
230
288
107
117
145
178
284
188
161
245
186
191
215
163
168
149
136
184
168
47
212