0.1975425647633973
0.2795286449880162
0.253877964630866
0.21413198681239318
0.2961368721326498
0.21271193376174205
0.24724993567327894
0.22383343775923908
0.25810018290833764
0.269219455957124
0.3755016181178554
0.2526873597230723
0.23416305044581323
0.18319420017693236
0.34074593004859643
0.31301691331941855
0.19762102010818888
0.3815541036763965
0.30572913731712065
0.2806274415756627
0.2969508896796413
0.25686693035076225
0.28725912910976403
0.1674473863138697
0.3997250699268352
0.17959429148732686
0.2215660682274072
0.2538888665114114
0.26484034412786917
0.34611604712062904
0.2085065009329064
0.2921196692910509
0.2904721657405107
0.22255954136955736
0.19642040850789827
0.19206293282825723
0.2422464566271081
0.45096437303980985
0.3422868096670239
0.21022187324789612
0.20713715569865357
0.25121420424536234
0.38034921656833875
0.23747638651795155
0.34355089183943305
0.150171717707418
0.20717667121574423
0.22626123974771248
0.19218767247520058
0.28854507463236884
0.19296570201490465
0.2587276535889294
0.3018772707001214
0.3551463459839791
0.2224963079722099
0.19962141203848946
0.3552783857427849
0.22839685065667736
0.17977576726553438
0.3445128324755097
0.17978449431712437
0.31831263928038905
0.4126579872434888
0.19686263667782097
0.25988123127574175
0.35749604299629045
0.18758150802492604
0.4510151055184117
0.2280413024698026
0.20444671519333427
0.30535553396718607
0.19536846216566245
0.16898024513793855
0.1931577226335441
0.3009189643490015
0.2674389722004337
0.2886426591475296
0.2797544929408235
0.3440906034942016
0.30562520276967053
0.2730935656706654
0.232520559850799
0.2273587595953777
0.23225337184200076
0.15713096274042604
0.3832331370958487
0.2506379349459914
0.2679270333282607
0.1952656789493097
0.23499967139936564
0.38389444187135524
0.2122704792745683
0.31824240480137206
0.19546213819820832
0.41720466673927087
0.19553751861877755
0.22079499213069947
0.2526283433187684
0.22702436794218306
0.20866455082705565
0.3575591814288313
0.21510318043443744
0.25722868058833703
0.24406717396552724
0.23513995516834174
0.22213118316307645
0.27853919556131385
0.29041829165445643
0.18993960743190771
0.21345720362574266
0.27665058477270815
0.1850711570124629
0.331277615482475
0.2200944352210513
0.2042916343778319
0.1958357228649824
0.21985112490825323
0.25016911263439867
0.1506358910612752
0.3482788199585794
0.22993419248647107
0.33410821174961564
0.19630271199757962
0.21223274354080973
0.2435565110292039
0.20630367477171593
0.2848718714523883
0.2609089251167042
0.37954436285811227
0.20793019147870992
0.15173120430007592
0.2692340760175461
0.2849850670216971
0.16070158924756414
0.27550522020089796
0.3360495054353748
0.2681760766956865
0.2419787250728564
0.17903241590680527
0.297946274485038
0.19783734341520734
0.1915202843841064
0.28395079511988236
0.27822561120704253
0.19846387425308187
0.1915660411556382
0.15232611806116972
0.20586644378905214
0.2832317809345857
0.31107813295388476
0.1928710824985617
0.1939942631898086
0.1739895421049506
0.23592115431430588
0.31696989766946027
0.1997954607247507
0.21451948500057766
0.17471008151509299
0.3080528982553307
0.2524277356174166
0.16950370680418186
0.22849971537366554
0.25732770828657164
0.1995353593692994
0.17548471297251667
0.24226737424433484
0.2592153270495014
0.21004323825584137
0.19962141203848946
0.2585128730087371
0.27777972546123864
0.23076488211746077
0.20398373346280776
0.18789919124794055
0.2253250495077316
0.1865893156887623
0.1573463947635024
0.29001193153969457
0.26169597397468436
0.2834389569698886
0.19571898257511566
0.27122126086635034
0.2512608305920712
0.19174415008610146
0.21518077489339582
0.21876137380247088
0.2913117219602136
0.25488459291272964
0.16914882179237267
0.27551219640172586
0.3339032309567266
0.30449759022848033
0.22194510042556534
0.24061027771864313
0.2733666041551075
0.25634651822874793
0.20662499545680335
0.29531213700856523
0.29312074606970806
0.21115493201332738
0.26336460717971005
0.2672447126438464
0.22788134527649825
0.24323548954455923
0.2509778013172219
0.32325777802662764
0.2046613061433143
0.3938719541419994
0.192246453723766
0.2551563423598754
0.24875510295410283
0.2439588587192546
0.27955756382397706
0.2749073549043598
0.2827183059887672
0.18070525729131326
0.2117615244374065
0.20968698576265254
0.23280885456117686
0.31111932558292626
0.23718211242230677
0.27091186508047277
0.24083199339628866
0.2900557351720118
0.25987489428572286
0.40356579402412834
0.29627463489790107
0.2403372411207762
0.46488627548075817
0.2943127578819857
0.20862154468556293
0.24444905145591594
0.25812152861122295
0.17570371208077978
0.2192542434982887
0.17978449431712437
0.19066838216885287
0.2879233483180661
0.23840042771561026
0.3979925679412709
0.2534187689351198
0.19354091289999728
0.15842643560543887
0.32475341591616413
0.22786721054492154
0.19121584645995435
0.18146291330047215
0.2547408216721482
0.263717945078728
0.2157822679361572
0.3428092259208807
0.3130808985780525
0.19251482848509682
0.28449366305429047
0.20566455471527412
0.1895637593934001
0.23649081825968668
0.3446062358615442
0.1949900857775303
0.41094399322546904
0.1514981833868147
0.1786282594494365
0.3084917091467998
0.276118957681157
0.18477987782908584
0.2324238380715882
0.2638552687019183
0.2619260775822115
0.4202870658177975
0.30133318656455343
0.15769532938083713
0.20660708673551137
0.18660709030038916
0.23797319892578633
0.3194702446311115
0.21917062910505122
0.23572442888924894
0.34748689277512235
0.19459061061961835
0.19686263667782097
0.23516137992607072
0.20618900037193436
0.2672883739980186
0.23891082800341742
0.2172776538731879
0.18071940926948765
0.24557835315411497
0.2270374298263598
0.18203777927424877
0.17775975733572
0.1625572051748142
0.2141182133570018
0.17892199811229786
0.25959302933101414
0.28404928715838784
0.2513329316303627
0.21917904936049123
0.23778600623822382
0.3765735622479791
0.1623161339162673
0.38931359928458725
0.24846460990933023
0.2675470156969556
0.23318961902143578
0.23335928060010974
0.1942607143489749
0.2510050093198406
0.33541756834634273
0.19176520827104918
0.3876874548049133
0.3289867161797258
0.43592547823462335
0.29684589379169607
0.2524209889997844
0.37144274055951004
0.32234864151640014
0.17214837189430718
0.1945730530368418
0.28038929284205855
0.2982368950762252
0.20727485184746638
0.16950911274413777
0.2850160473334659
0.21106399527976621
0.33927868967896474
0.19905685254997388
0.21663465106513505
0.28880160731975657
0.24331476453928003
0.2905084034567135
0.21415548682685231
0.23234414709510706
0.26190589790673247
0.28492480130047626
0.32394189305881865
0.25860045183186725
0.16751597078721714
0.18957674900148544
0.25504983799755654
0.21359943208663396
0.20607602292814733
0.4638282259882587
0.2720300521927809
0.1867920631122487
0.20460182641732727
0.22609664694204373
0.19771147654052576
0.2663623993466444
0.3894512339366299
0.16382339430595588
0.2803797197177153
0.24552470957216055
0.2641641597926905
0.17310154390089488
0.19953407244421606
0.24601499663919435
0.23194678164794036
0.27202532017439
0.23548248937350408
0.36898231138882154
0.2418656521146202
0.2843359853710977
0.26601342233031827
0.18008409364333416
0.24291256163610558
0.30852496386132333
0.21827202393345074
0.2413476449087125
0.23588338931280953
0.2796794518918619
0.2703062132093109
0.2850397503978982
0.3487074095981761
0.186546181542198
0.2701945651687255
0.18986011552951845
0.30189540754990885
0.17685981640963847
0.21771100216586217
0.25622365585496154
0.2985745685651365
0.30866485516007625
0.2541969777458035
0.29547800578048367
0.16281841234846098
0.24856537948675494
0.1561749248273931
0.2713517067118984
0.32794110307222424
0.1689620177891158
0.20422584755642023
0.18555146586174978
0.21038476506351034
0.2399265491848438
0.2831959828422119
0.23063120465400028
0.2422464566271081
0.23795854361530644
0.22187462206089306
0.25262844013014607
0.305655354337085
0.35951616128149727
0.22863951429076013
0.25121420424536234
0.32162316657645035
0.38034921656833875
0.1966812053365421
0.17665002730191692
0.2429746358108446
0.24756855997562033
0.29555184091827535
0.21610747225976124
0.4483926344813239
0.17779663713884875
0.22968641376818374
0.2005093650536096
0.19218767247520058
0.22324177148693364
0.23001531364996236
0.2613049057192989
0.2770138736733205
0.1852958029003328
0.28023053447849855
0.19273323693870034
0.26192292723835076
0.19892095474635135
0.20981608474303437
0.2397727861334052
0.23088208042847966
0.31578770627866243
0.2364457876724263
0.2431734353545833
0.19627419730648246
0.2557315941958715
0.22444207422650053
0.21328908054735884
0.17073688942654483
0.22144409428706877
0.26707487820332393
0.3552783857427849
0.20674607760203445
0.17077197218932513
0.26028237468891846
0.21589930905554988
0.2898606901366028
0.2119081292061536
0.19754286999838114
0.24079188666756732
0.24716008031210074
0.1807929571717106
0.1973383594661339
0.27989830411143124
0.16410809877446758
0.30142047192292576
0.1931577226335441
0.2529565556767044
0.24722026252653997
0.1609009425586668
0.26441070945351136
0.29902296255886707
0.19107576582614383
0.23588338931280953
0.2700849097408006
0.24691546911048087
0.23487264941982955
0.24348573443520155
0.232520559850799
0.22444207422650053
0.17823380815143058
0.2215189252311051
0.22958400922074204
0.19490372105811643
0.3452302007646575
0.2131428023429223
0.2022718437957831
0.20632155146870088
0.1868043006712651
0.2516545958844994
0.3103700335167037
0.297918584271518
0.29561910607842445
0.28956063542727917
0.1616676205486247
0.35670119936066746
0.2383943965554291
0.2261746583640033
0.1742243570519585
0.28530366790709677
0.2026492910254445
0.19700492254720053
0.3679989086678041
0.22181668217370235
0.15453787962416785
0.263300910035657
0.21558706618883022
0.23174420719206218
0.28673912739669755
0.22494073871742484
0.2754759088107235
0.2995414369570049
0.283971095223982
0.19688856422907045
0.2301044839614585
0.2834766426018889
0.16786860157810224
0.16992038805665402
0.37275246077673563
0.33912763837403875
0.18591674079945603
0.18472350330487977
0.2991751154786289
0.2198567265182904
0.24170495416932053
0.20324301280734575
0.16572910238008498
0.1825639220730317
0.19585401588968715
0.26448219131940764
0.2386213702843512
0.33189550666912765
0.27822561120704253
0.17354150396471257
0.23447171925011387
0.19496208200198223
0.15840882261958775
0.16472015947393012
0.2011319635487808
0.24718327515926072
0.17874219895368626
0.30315403350784326
0.22763989322448638
0.2695015049482898
0.22320341236541058
0.2848316257735204
0.3206876307695119
0.24364307248546113
0.2303330503427639
0.25163770390963897
0.2591736764927435
0.5954854180908167
0.2448058464006429
0.20757874337204163
0.21518077489339582
0.17660513776296116
0.1724412156789255
0.17459909915915187
0.17990861538089276
0.29962809889936737
0.29312074606970806
0.22042048645830914
0.22241716905971515
0.2481547357506992
0.24227303521205235
0.22298426131666493
0.27731650699267346
0.21187640511859487
0.40304217009308857
0.16006123417932158
0.21704839409312537
0.27220764887926074
0.32325777802662764
0.2301067498962194
0.3938719541419994
0.22265953771190508
0.3341689769429455
0.2283458484263822
0.30022591568341345
0.24363525665208052
0.2383218750434538
0.2827183059887672
0.3406269214146955
0.21276273792009814
0.306419008887479
0.18826462074451497
0.27699278452797926
0.20773306893155963
0.31353640532921134
0.24734806564885994
0.22241628950749284
0.31782501052114925
0.32082385922895196
0.19515371699762396
0.2901925256594438
0.30786376913361074
0.20000582688596788
0.18761454730887528
0.23303175287107944
0.2050252691829251
0.19239574744632693
0.25003152552230157
0.2058914429259749
0.1855036323647689
0.25962350105808724
0.2757283315363483
0.374984564605958
0.30084300367444405
0.2534493660875888
0.23482347948672058
0.3235703290460212
0.19234431351104428
0.2959284371934388
0.22019997958594592
0.34337917466983425
0.3195772465767256
0.18527006417673786
0.2257779290587173
0.2221280759469286
0.15697115386526042
0.24468670636508563
0.3563145233606425
0.18564416819131
0.3282605800483272
0.293932517019866
0.15769597193766427
0.25924699387379324
0.2623011742612331
0.21831150877898883
0.2848013077568272
0.25438560652674047
0.22782593154950062
0.19176520827104918
0.24615788287419207
0.18932458266214416
0.2688104434928262
0.24222616957194137
0.17510729546460813
0.30262545350865533
0.3004676820713145
0.31824847825718294
0.3164882849443471
0.18242065317965125
0.16699516007184131
0.3560239223142383
0.1791355676609544
0.3201583541615758
0.22937893242428378
0.317610822867669
0.27372155671578763
0.18851382669837552
0.3435052817592271
0.29397752776354824
0.2413476449087125
0.2381649384989952
0.23212892354205855
0.22052717321137252
0.19700492254720053
0.150533965144169
0.2639750639775295
0.299769236440259
0.20635362978178393
0.3657806141944186
0.21310788301772646
0.2833596115025459
0.255647773999731
0.26884990918752993
0.250980317331239
0.28412168466657656
0.1892234720132794
0.22960587137478153
0.2888378611840307
0.2068177413134243
0.3067198114133521
0.18277009460222932
0.3879258786578999
0.16636127048350044
0.2723564336685694
0.18783235956170333
0.2951937658482645
0.25688392093549456
0.2226254680612053
0.1487644545017339
0.4497819100561031
0.3127807203552742
0.24044833851151726
0.21200971730277138
0.268944756455437
0.18627065005562898
0.17266008241188502
0.20184456803679754
0.2562133547609117
0.3054045441945194
0.25607702633378343
0.19919148625551347
0.23232755463490867
0.2822202932726996
0.19716387430007268
0.2404294872686218
0.2203270690122858
0.17857019256118925
0.35156266360657035
0.30715669708014953
0.2751553039346695
0.18731195715895352
0.32603450386233696
0.20247485116455194
0.1740195766788757
0.16908016784057028
0.36751207949883835
0.14870236223902156
0.2568028908085648
0.2152944560638017
0.2100193845097324
0.20299205304881596
0.45346750932380686
0.18156266867029072
0.16979155908319127
0.1685704897235428
0.22564977545051093
0.16680889722917389
0.24119896922291179
0.30229775708719003
0.27383884460647345
0.2725544387991899
0.22341269430770275
0.23372693674426545
0.18366283371441114
0.1995354091336622
0.16759011589312098
0.1545336611845148
0.17346511244287563
0.3588723910065612
0.162574467867206
0.25370355526332994
0.17237406562406848
0.15728430582962646
0.33959413544475897
0.3199211715593138
0.2060317862615722
0.17174601632765377
0.25938521950914223
0.21932368380289927
0.15998485058784054
0.19872107192842908
0.2527905384141079
0.21375173294180583
0.1902896987480915
0.19276505328992485
0.206081251034985
0.16975325536498756
0.174827780272173
0.2803201859849724
0.19511777053519322
0.17066939405458076
0.1938830770175389
0.17694004086888707
0.2831290870863867
0.17816843565546717
0.17867760209880248
0.22542339408768772
0.2503987750274845
0.1681361902787159
0.150145025538405
0.24375665370936894
0.16935476893554866
0.5566832029395551
0.16731464445588837
0.27388532379407143
0.17134213837676981
0.1645069666104564
0.2358650236930584
0.35787877954454606
0.2054610402053157
0.16808304123173848
0.3705001058691368
0.2563032341232909
0.26977433489404556
0.23215816086593244
0.21252204243313622
0.2906196766789935
0.31734140612644257
0.22035514926219615
0.19851958984188003
0.27809168254027217
0.22701601996824908
0.21304129699590268
0.19316840861084825
0.2065401387463973
0.1947886303426436
0.24198550637809887
0.2111042902660772
0.2073835242678695
0.186231263546294
0.20327942259029488
0.1804119978942693
0.25258109655490063
0.1510720542926582
0.1973549562253533
0.24625916472396106
0.24411761451864653
0.17940091931581897
0.20630367477171593
0.16303141498850524
0.20565094474905496
0.1522142165464934
0.2714492886065901
0.15118781543643608
0.1896782526987322
0.19473102858749738
0.15967351639495633
0.18246118565568428
0.21347015974897737
0.19845153085255585
0.17575895713576067
0.25638349254139386
0.1767598949568448
0.17025785102534705
0.1915348024668917
0.2019602102317164
0.16203134053546014
0.31521839262507617
0.20799194238103685
0.19708596839335973
0.2171508228208596
0.2906057143784796
0.2717580254635055
0.24427400164008903
0.19069261943073618
0.38151975677832994
0.2801015583710093
0.13925613483726096
0.22782507227774954
0.2911647446139855
0.23215932962236194
0.2067371944449522
0.1523064997182588
0.1814659429752388
0.26169597397468436
0.16661941990124352
0.20346255181175657
0.38181694487688084
0.21974654366920798
0.21347726477770082
0.17409933035551894
0.2333854346763783
0.2050833331028416
0.23092751895538163
0.30727565811001295
0.21123717682023993
0.20746323268316144
0.30443394441117166
0.1763626796039571
0.19301953452804116
0.33047047178362826
0.16073379891490883
0.17114082576259007
0.18820674502952223
0.25192370256167673
0.19302230790544062
0.2560957116723002
0.17371081007095512
0.28657807222266374
0.2155701230937648
0.1803644404067762
0.30549339532254544
0.23178381136588574
0.21408499352155608
0.1976623789196233
0.20312459311247438
0.2137345038396705
0.19450782362908223
0.17919797566226817
0.18782767286973118
0.21969742206113702
0.2652329522523898
0.21320526204241547
0.18147791736897773
0.2955714575625647
0.1913874914096107
0.20360747542253488
0.16746649044264095
0.17759780407826503
0.24931024992396797
0.3148936604640745
0.16707348950606682
0.16554527751333445
0.2827488603659179
0.24366094293774107
0.2678950808466495
0.256632347539343
0.19260003777652582
0.22331075729381336
0.21528570229608418
0.17766033039200016
0.219455639724334
0.15868618880191337
0.2296494398515091
0.23206909229912934
0.31319532551415297
0.2426265460379966
0.2405693598788248
0.4218668761683388
0.16985752712967794
0.19325752614173047
0.18054282681450273
0.29416257432073006
0.17101332371446556
0.3273584289172967
0.18539666279183925
0.22352018839028867
0.1583969767888989
0.24575145691269212
0.20380260485341914
0.2057349748569736
0.2141351144679468
0.2976305062786112
0.16568008888922922
0.19888414108049235
0.21756352164108078
0.17863988956851226
0.22243854021536044
0.18316757565027994
0.20256404072436687
0.28395079511988236
0.26484464967701077
0.1989737975136949
0.16008170450818646
0.21667980935871584
0.19341849031271405
0.17629509489428133
0.1949258742827748
0.15977735569654258
0.20280260083819654
0.23129107197232746
0.1820180961613582
0.2538011244469864
0.19948346142411255
0.19125921727686934
0.16415957176514076
0.1552568118069525
0.27429078682812785
0.15230012260435233
0.22507690669447583
0.2842368480213293
0.2332534744356736
0.21542140590834022
0.3082307746056767
0.18025507910718389
0.1819495388712635
0.22554427487608025
0.272825230421209
0.1681885942656987
0.200855061581172
0.16079369782678854
0.22184338295878503
0.18606434440934969
0.17305435004597844
0.18534833708576867
0.15849197880491947
0.2471794010709832
0.1822629662725183
0.15832726987503587
0.2998489713973166
0.21408025355605892
0.25294672402745433
0.17570264259283794
0.17309929732286805
0.19560489149089672
0.30433001028665746
0.24102599473266798
0.29825582748295215
0.25264165220791923
0.21882442165838845
0.23409606320280338
0.20257811791771255
0.18585967498045414
0.2957417231285106
0.21644843881594492
0.15840882261958775
0.1983167253391947
0.1997331604580054
0.2001263942612829
0.17314799719487603
0.19196993135042414
0.2849726185675086
0.194276963404173
0.26805238834754946
0.21990707013241592
0.21415548682685231
0.20815779228706635
0.18221486334215245
0.18991346356445596
0.1703206193816426
0.17531657234795905
0.3861169608935182
0.17423542324508154
0.19010746526753056
0.25538614462148584
0.16697093634101437
0.22646851692378767
0.17347772441936501
0.1877051779801601
0.1976579628774616
0.20723686306044684
0.24528212624083473
0.2766778997279532
0.37593923104989585
0.18489852002315826
0.3014568034180722
0.2983861861859776
0.27777972546123864
0.16124940007340227
0.18541702930359008
0.21170928792439056
0.39959468992943337
0.30791432915330197
0.2683635228798273
0.3944010209245536
0.4012103169682101
0.2181269814424982
0.3424106317612686
0.21558721591016994
0.22939091430759065
0.15258704005929982
0.26217948870351737
0.2676094293515564
0.24926697191914463
0.29135325375094695
0.45507324163333807
0.3232808581915866
0.2283458484263822
0.18624558714874032
0.21137560198662497
0.1939233284129844
0.2743535287586732
0.15528815101165142
0.1856632352972537
0.19922044933108457
0.20654429089480544
0.25673828475061017
0.3136669504952042
0.16752742161102802
0.24262355462154098
0.31111932558292626
0.3166011183309212
0.1835680852128921
0.27901050268886357
0.21526035778610553
0.268251886611925
0.1941267024825258
0.16002867682801847
0.3883928267325383
0.24703515177509647
0.3179285394468959
0.22936359693701713
0.1967508994913306
0.1514981833868147
0.20809778760813144
0.20086563240950622
0.26955432442443183
0.5704933053460763
0.23406398640511358
0.3480650212180047
0.19782393287401143
0.26814062505042024
0.1915393026856198
0.20331721543724757
0.3674537213228656
0.24914279227090336
0.18688651281613508
0.18761454730887528
0.3287156728751236
0.19036675949544385
0.34294252809619596
0.24410666795484673
0.22359293665980617
0.3307190158849279
0.2459638830328654
0.25003152552230157
0.24094601494150855
0.2411874598529164
0.24707996550074063
0.2177079151880058
0.1770812453555459
0.27756013163375276
0.3439027384047341
0.2665147624834787
0.18408377353151878
0.29086486953461754
0.37261012920199144
0.27677105328629453
0.36517153662070156
0.2479425439662448
0.2372418357426793
0.1981881013236017
0.295704228563973
0.35747660453005814
0.1965036589815251
0.32148296910930263
0.19504962972499224
0.20790728095409075
0.21176794374094043
0.2925723640613242
0.2603083285594082
0.43253916520241276
0.21677126592105628
0.25366306879669975
0.21277272127226102
0.23891082800341742
0.23096865032127079
0.18071940926948765
0.3339446104820389
0.25829407571031704
0.2574309982057855
0.25330542481089685
0.21486244843660762
0.1551042975964601
0.18323560427368077
0.17520245980006857
0.3329211806364371
0.1729598091183699
0.5014114044168555
0.18492629231641913
0.25495228773309647
0.16873030763323685
0.23487088685813975
0.32920684355369195
0.28284644923737484
0.23139746853607548
0.2215660682274072
0.20897260470427348
0.2430105683440811
0.19614226437614835
0.2092236502859589
0.16338977743019492
0.251843446108324
0.16649368279108553
0.19622248941853832
0.21722837766535927
0.17957404991311288
0.24551748205715979
0.2574526740002351
0.315451216025045
0.263075964992134
0.3655681277299021
0.29365248461567817
0.22351223102710505
0.20609997707982225
0.20307658218122462
0.19884519320522204
0.36313903851782675
0.36115836107333893
0.33077464218174707
0.34120902281425086
0.2775422894902577
0.24114159225473397
0.210186283471539
0.20746007664348096
0.32925930240875956
0.19117400679393498
0.22593638866830748
0.4367235976383051
0.2686309566049222
0.36896713214860555
0.17508745235116976
0.2817839129131986
0.23670516855210624
0.48391762589859194
0.1770767849131816
0.19892712636463478
0.23750557464123268
0.4464149905106466
0.5073336188273785
0.3250375002817372
0.23014861601106673
0.22936231391884784
0.22783140929282075
0.42397130243900394
0.4542339419954312
0.3139358112569655
0.1595589996178172
0.3305913837115395
0.2312679305282744
0.4590495931277677
0.3339724520410256
0.22524066174283264
0.39528959482152193
0.2462166918816407
0.23470725975656578
0.27012348187915863
0.23679188906388074
0.39956307153313625
0.22177000843473682
0.20522302691248068
0.29086411069254076
0.3128118272327942
0.2212316960787044
0.31213316038073263
0.2856700731382676
0.2889219546019509
0.2294972799350874
0.26595777985958824
0.3615319436895496
0.1618632588268528
0.23693632361141942
0.2046629073582689
0.27178030013095184
0.31804791517577585
0.21355089478438707
0.28565439551162086
0.34481182311829833
0.1677828372988868
0.1629836280446698
0.29567841166238057
0.30705303161329994
0.21694479091344407
0.21820845071652553
0.3680610787104753
0.2390940390514792
0.2903039955550617
0.25165798850423676
0.2439706462861563
0.22812919298753692
0.27091052907463054
0.2758157878047511
0.20630853796775908
0.22940775971647917
0.4344916445025837
0.32334166838216616
0.1755941158606028
0.20873016154181534
0.3239465734993274
0.26504194658833696
0.3220690990899852
0.29519736727105517
0.20555098535512026
0.19891071928546614
0.23022607255681435
0.23748931408868054
0.3251240141073094
0.42831937065313813
0.2313476507938857
0.28810187824288347
0.18851382669837552
0.2603963004290579
0.32390289829132446
0.29113219852296324
0.20532466677643035
0.23242324447121726
0.18185649887256455
0.23786902836186463
0.24187891764564035
0.2638437131535952
0.37736460287735607
0.24773611821777072
0.22144409428706877
0.23625755325882328
0.31831263928038905
0.3055704207129311
0.24038808911795556
0.25357140793075145
0.2192872784677002
0.14903532059857771
0.1985983165348965
0.35910120868285333
0.15766016521439094
0.35951616128149727
0.29781754090771306
0.3312967780052652
0.20893614475459119
0.23225337184200076
0.27534683554830586
0.23676168763518204
0.17973827467054762
0.16238255392799122
0.23093648173123926
0.19549065928109363
0.28088055253714744
0.23425662510749895
0.28412168466657656
0.18398892990478408
0.20866455082705565
0.24406717396552724
0.29748112457304543
0.23859563735992143
0.41744445988586176
0.2332752781857064
0.1908568504047108
0.262042963036262
0.17262711105035008
0.2980214857588525
0.2171508228208596
0.1913178682892853
0.3279844995889245
0.2085999268778264
0.4163774345953074
0.30943490777642496
0.23277551694881288
0.1927221126447721
0.2111779750198523
0.22601113723078547
0.22601801927550574
0.25906843494813847
0.16168928534778018
0.29078695902712676
0.24255568998747085
0.22995592645091403
0.19783734341520734
0.2236334543656434
0.34055935199463305
0.26303503935222333
0.19855984508082336
0.20586644378905214
0.22018334946934265
0.25479084135620045
0.22796812206390202
0.546545535161411
0.4955797071826838
0.20116283219580547
0.2526057174938704
0.1911065845301626
0.2948904665362485
0.2889070935866957
0.2065801805002852
0.2713254186056901
0.4013989156993876
0.21220699076858726
0.17515753629690237
0.30902720157757035
0.3069408276401202
0.2688081522976686
0.17473426406268802
0.26941939361111955
0.27247362940386394
0.2983861861859776
0.2977163732339331
0.21004323825584137
0.2213779254756281
0.28486705956229075
0.31988578708944526
0.1657457265865019
0.2585128730087371
0.2621861513052519
0.14075278718249892
0.22061094977385914
0.2144909639749162
0.20570290602381466
0.2335275251705722
0.3987924792346464
0.18188241211124523
0.3041689067883284
0.5251526512653402
0.1899574304044049
0.16010232113973064
0.17164112099516787
0.22086677584292663
0.19164795413201918
0.18735064753776592
0.2579678131038732
0.3026398400477788
0.19571898257511566
0.177834880832011
0.4282331468136109
0.22663449699611463
0.26573914590115183
0.3052503111114835
0.22365517485139413
0.3025574646592837
0.27831671220070675
0.31132308691007293
0.18705188459565142
0.28398697826764313
0.1673284413138553
0.2624834207251951
0.2486641789704215
0.17415962681609892
0.2335677129141687
0.21987753874635904
0.20662499545680335
0.23879910413254238
0.17910800484852826
0.25715372617200116
0.2481547357506992
0.20538800821309613
0.39583010012098857
0.23245312267688978
0.23851668270993384
0.2973498071575114
0.20422146436511426
0.2739809851990987
0.18941031475708178
0.21558721591016994
0.18602814106181495
0.3226667326305956
0.4148155382697323
0.3741273643961254
0.19493726490687902
0.22821869238795656
0.23664054561061018
0.2786462084556847
0.27848460068980185
0.28079129891578347
0.22336093039587465
0.22451565240286073
0.21834629994064716
0.2537578718829668
0.364582274042922
0.24173305451449306
0.238003892449784
0.24875510295410283
0.17960734237299342
0.21614929396411847
0.2977762773507854
0.20295492697619424
0.21091330347178297
0.28717426336375285
0.28020803768585106
0.2754367795883216
0.22812996560118481
0.17388836560674503
0.21645425383229056
0.21952572468516937
0.37158860762552987
0.32224651831271817
0.3731074474805957
0.203967052187102
0.21845298589156814
0.275406505338068
0.19677214587112113
0.21438127983638638
0.3620051447750081
0.23673341530549336
0.23771084810180415
0.21971041548045805
0.3703877374425199
0.2325818344126617
0.3531270058129876
0.16031856114688361
0.3243670274259385
0.31136343568913416
0.3566800232041594
0.20723279567893968
0.2166532229052226
0.27152532255585105
0.16752742161102802
0.20205956862327262
0.46543937026973686
0.169336757677141
0.2862592014061107
0.24646232448438316
0.2904721657405107
0.21496788786458407
0.29456436263694774
0.39803458663035274
0.23700157720517329
0.21868698321175042
0.18091993949941632
0.26768171243191263
0.40019565836407217
0.28809061334766534
0.2366442697445861
0.18883114824359182
0.4708098104906644
0.2018015113851466
0.33113915220135026
0.22792079701436208
0.2943127578819857
0.2182173892546212
0.28861531822254555
0.23281319392961278
0.19324446482325447
0.45347127069384296
0.20302887978168457
0.41941626584737685
0.19534263184667147
0.4142925801209328
0.27473110998093725
0.2588092246610684
0.33110347098753484
0.20914426838969216
0.27244695006106423
0.15859713507883585
0.3445079834572698
0.19066838216885287
0.3390104456553606
0.19165411327689935
0.3157178737063825
0.23259840109232052
0.19679876247563283
0.2160215592089254
0.27895943459478045
0.4519492931418771
0.2371076746167275
0.2213931302244131
0.1903138511727889
0.2944423231361546
0.2399027488574306
0.36242931047025384
0.1913659576672749
0.33138653948102437
0.22027128424268239
0.2424174152299682
0.2804703052318528
0.20934002823180278
0.17037593187622868
0.19390160166387924
0.2640722490523305
0.33982780454471173
0.28217345010144784
0.38621929267572486
0.18181457640400614
0.15842643560543887
0.172527007111614
0.18812795618831615
0.35354939156651677
0.3096379969706931
0.22786721054492154
0.34034411533632747
0.2795432000165804
0.17556594991943494
0.15700957734278717
0.3307190158849279
0.37310014000266556
0.18334504988267303
0.33601872518941334
0.3345732437597882
0.3722272007996453
0.2834769104330046
0.3467977295281047
0.17926198586782124
0.1717768197408868
0.3194929754100729
0.19392691420111685
0.23170404860536126
0.21388060025114258
0.22352018839028867
0.21073172684401784
0.1931970495881926
0.24857917433318605
0.25189703687818443
0.2966503502249588
0.25605154077786435
0.29376787168012486
0.2834723087363229
0.28649287786771027
0.2660594364371224
0.23097022681183133
0.23060496291685983
0.3415348006937551
0.3591134873617092
0.3526099395184826
0.300891074253924
0.4760821142350901
0.29870089201180317
0.24220765649239934
0.18376302065480637
0.2265924528697137
0.23721360992588408
0.20713424226117638
0.2132043370617935
0.33268326007317967
0.29671787538596534
0.22095621892681847
0.3084858087553883
0.20103896582226755
0.32444071746575653
0.333321792908936
0.15843547577213213
0.26660033577695263
0.3311355879590264
0.20860924455599397
0.19756649041855825
0.24065387713866981
0.29440295627541063
0.25388009170996423
0.18332324912761747
0.20660708673551137
0.22568727887549822
0.3235703290460212
0.23797319892578633
0.3847957034779521
0.2659187770733505
0.2024997602071135
0.15012697424102572
0.25567616545289223
0.16330353232617653
0.23437713119755915
0.3994674372918112
0.17291897647647403
0.319695375067158
0.22968448488259208
0.24147712463647836
0.19459061061961835
0.28602723410557956
0.26486182034195666
0.33572446838604103
0.2585951137985453
0.31403936848810093
0.22620130767846022
0.2595665021907455
0.2381358582146168
0.287234054452607
0.29957956479313036
0.21725009529070455
0.22263224072007817
0.23096865032127079
0.45096437303980985
0.2890648045059228
0.3482538001895824
0.21144999156635821
0.20836851872965728
0.3201029768265448
0.22945886364299584
0.2708397310365442
0.24141115303618293
0.252296981709578
0.2574309982057855
0.29800379208878597
0.2373131646918731
0.2780499026616632
0.23164199795829007
0.25330542481089685
0.23509749455257165
0.24803049397947363
0.2836777569058318
0.24673672424389165
0.2324670312163574
0.2859542152171899
0.3198536657118167
0.3194088241964306
0.27270923114125195
0.26378211594020246
0.20668678723642958
0.23744230651208417
0.2738443666758529
0.15813439991973519
0.22461173436761717
0.35418807312495104
0.2601661438686875
0.23762941433476356
0.23785140449870246
0.1674796190249755
0.16921454275817757
0.2739384018368669
0.20508275216699784
0.1629216341030775
0.20944297626864428
0.18444964595436728
0.25959302933101414
0.19124742137412132
0.18546554470634927
0.17784344419290757
0.2332534744356736
0.38493262963010483
0.33837478891670436
0.17672343875579116
0.2401050286184074
0.22707375530704374
0.2574028095622758
0.2727140301418137
0.2111705585732133
0.17648111959541798
0.2528645489141269
0.1809453763679984
0.2767697119578176
0.26818298926973205
0.20393325234532195
0.21711957771183896
0.16602861157090157
0.23070858983951115
0.31990643302927496
0.21011319425987823
0.2922591641818824
0.3264265292952075
0.3015640726298976
0.25577225412830035
0.2839168619786189
0.23318961902143578
0.25442392622812504
0.3665612946831491
0.281450356075958
0.2621309328618051
0.26792698280644833
0.3522715427047962
0.17983264828549142
0.38542253338659066
0.20993923867153155
0.2037690244036526
0.22482218250767852
0.3480949990164067
0.251843446108324
0.234190520105433
0.16285891904263733
0.2576143199261859
0.16079110888115403
0.2956570613377664
0.25976429537271756
0.20776686415476037
0.33481499567799006
0.21731312664894215
0.2858978853447471
0.18326780577726112
0.21814905352933547
0.24879313499496858
0.37106222013927165
0.2662742251741799
0.33332650607641184
0.28546181758290307
0.24016087809076556
0.21022096702123458
0.24985779515479428
0.1769379749320877
0.3615254743946538
0.20994189822249493
0.17447036940503424
0.21485860287921155
0.25540817502703067
0.28953195888244787
0.3202948748027325
0.20860295713650345
0.1916925250798132
0.21503800616693203
0.2579942524451538
0.29813738399332346
0.17801754677285828
0.36481152050346877
0.30621046968871835
0.21515975682185687
0.14924969367545945
0.2715476102902226
0.29032215890275725
0.17832350651712892
0.32530635334068364
0.28741815832246675
0.21767979196474388
0.2688409077048986
0.16399631210552637
0.2989070109173084
0.3098329116215609
0.15247703271304622
0.4413056816885531
0.21667531604263715
0.1861200306558643
0.18225490718048212
0.22113604240383194
0.19257390392361334
0.2898429056143746
0.16656000423609188
0.21483828813189662
0.29349535366595186
0.4336057275828537
0.33658862695129427
0.27339723567806723
0.17669813387777283
0.2111515863524762
0.20661053440294486
0.34215264538815654
0.21820664441427653
0.2694714265888161
0.3375338493608051
0.1968188330832185
0.36917958337929735
0.22222724468206156
0.36537399425916295
0.5757424553818224
0.22486567731034812
0.33411251681520904
0.3073359833617811
0.2260693607972199
0.2158006289959122
0.2066860820818672
0.1891303548964654
0.20664931878156187
0.1738141331395616
0.24256722567088906
0.2104971011788427
0.2558621792272608
0.40798445397512656
0.2633247975032363
0.1954421366965625
0.2192333158287012
0.36551648214745336
0.26892929876604377
0.2044449630244299
0.21987563502915272
0.1546869692293754
0.22981686519107844
0.23850741238341233
0.24748131058957662
0.2497968468827728
0.2682689435621505
0.22711980062115078
0.28973545749807844
0.4193823103592817
0.3655601348341419
0.24651123578219727
0.21757929128446668
0.20690415545565602
0.34870058920827013
0.41238624476428554
0.2576482130634441
0.2857475449215096
0.22888933694837993
0.1978189047845616
0.29936955459820414
0.22092559768170247
0.3589589403674934
0.3540425414670253
0.18383340621918734
0.31687800580670694
0.31278892537879754
0.2875595245652444
0.4630672112849818
0.2940912248810497
0.28983267399402485
0.29356223130944187
0.2630374851250743
0.24354875693312525
0.2634725111522205
0.18071952788236464
0.2933791750030585
0.28820465432284653
0.24106913255686974
0.23090527772035357
0.22919409800335755
0.3919921936000608
0.2967450685731551
0.20166617658685604
0.23448502994865547
0.20723686306044684
0.2543240049977304
0.264076632501022
0.36207371266792493
0.2552680409149289
0.26285462628831513
0.18886437421409497
0.4002779674588072
0.2415113011997631
0.29117217376144966
0.22324177148693364
0.2951504939266778
0.2704286124740848
0.31099534847466614
0.24935434885974989
0.28846500820226223
0.23259998513038316
0.3615319436895496
0.1618632588268528
0.235283087124112
0.22609664694204373
0.3248665932066757
0.3106166253399796
0.32520753438928707
0.317610822867669
0.31594632045621834
0.3472860145018036
0.1925593517972614
0.31804791517577585
0.22165960831703277
0.420706001332412
0.36252658630085177
0.23579096197683014
0.5432101747206238
0.1976397093316078
0.18373307182049178
0.30415343080379215
0.20792753398255434
0.21765232628709927
0.22193908156181186
0.2445178740149753
0.35901389128950845
0.19855600088260458
0.19301856432837733
0.37390974685691997
0.21403804817745192
0.362268356166456
0.2863554489400746
0.29442275078127655
0.37520667610190783
0.2995219655544303
0.24216348180302244
0.26777991871571616
0.3213710506015956
0.2706089967622573
0.2529545901505444
0.2758157878047511
0.2510762727814603
0.3433667649766157
0.2745361259581791
0.2711023423532869
0.3665322176875214
0.22004003451006013
0.27626316945274354
0.37010404660740626
0.20666163230138765
0.33465867736431754
0.349349924372257
0.2845009464825594
0.4344916445025837
0.31140763095976126
0.24821420807074765
0.2994459270918458
0.24927140936684744
0.35603079412329597
0.27686520645433355